884,197,155,66
892,196,155,66
889,196,157,67
889,195,157,67
889,195,160,68
885,193,166,71
887,195,162,69
886,194,162,69
884,193,166,71
884,192,167,71
882,193,167,72
885,194,163,70
889,197,155,66
890,197,155,66
882,197,156,67
881,197,155,66
879,197,155,66
879,197,155,66
882,197,156,67
881,197,155,66
883,197,155,66
881,197,155,66
883,197,155,66
886,197,155,66
886,197,155,66
886,197,155,66
887,197,154,66
886,197,154,66
886,197,156,66
888,197,154,66
889,197,153,65
889,197,153,65
889,197,153,65
889,197,153,65
891,196,159,68
887,194,161,69
875,195,163,70
875,195,163,70
875,195,163,70
872,194,164,70
872,193,168,72
872,194,166,71
871,193,168,72
871,193,167,71
872,193,167,72
872,194,168,72
870,193,168,72
871,193,168,72
872,193,168,72
871,193,168,72
872,193,168,72
872,193,168,72
872,193,168,72
872,193,168,72
872,193,168,72
872,193,168,72
871,193,168,72
871,193,168,72
871,193,168,72
871,193,168,72
871,193,168,72
871,193,168,72
871,193,168,72
871,193,167,72
871,194,168,72
871,193,168,72
871,194,168,72
871,193,167,72
871,194,168,72
871,193,168,72
871,193,168,72
871,193,168,72
871,193,168,72
871,193,168,72
871,193,168,72
871,193,168,72
871,193,168,72
871,193,168,72
871,193,168,72
871,193,168,72
871,193,168,72
871,194,169,72
866,192,178,76
869,193,171,73
867,192,177,76
869,192,172,73
870,193,169,72
870,193,168,72
870,193,168,72
870,193,168,72
870,193,168,72
870,193,168,72
870,193,168,72
843,192,184,79
840,191,185,79
841,192,188,80
840,192,188,81
839,190,190,81
840,191,190,81
839,191,190,81
857,199,188,80
856,195,187,80
867,205,182,78
859,201,192,82
865,204,195,84
854,200,200,86
856,199,196,84
905,182,184,79
897,184,191,82
907,182,193,83
913,163,94,85
912,163,94,84
912,163,94,85
912,163,94,85
873,165,95,85
870,165,95,85
873,165,95,85
841,168,99,89
833,166,122,109
836,166,130,116
836,165,132,118
838,165,133,119
840,164,139,124
839,164,139,125
840,164,138,124
833,177,123,72
834,177,122,72
831,186,153,71
831,186,152,71
831,186,152,71
831,186,152,71
831,176,143,67
832,176,143,67
829,187,141,66
799,193,139,65
845,192,145,68
843,192,146,68
838,189,153,72
839,189,153,72
838,190,153,72
841,190,152,71
872,179,163,76
870,177,163,77
887,178,156,73
886,178,154,72
883,177,154,72
891,178,154,72
888,178,153,72
913,183,151,71
916,183,153,72
916,182,151,71
912,184,152,71
915,182,149,70
915,183,154,72
915,182,151,71
914,183,153,72
915,183,153,72
857,183,151,71
858,183,151,71
855,180,154,72
857,183,152,71
829,183,154,72
823,181,156,73
827,183,154,72
824,182,154,72
822,181,155,73
822,180,156,73
836,184,155,73
830,183,154,72
824,182,154,72
826,183,158,74
827,184,158,74
827,184,158,74
827,184,158,74
827,184,158,74
827,184,158,74
827,184,158,74
827,184,158,74
825,173,160,75
824,173,160,75
824,172,160,75
825,173,156,73
912,176,154,72
913,177,154,72
911,176,153,72
914,177,153,72
912,177,157,74
912,176,158,74
911,176,158,74
938,188,148,69
942,188,143,67
951,187,137,64
948,190,132,62
948,190,129,61
925,175,134,63
923,176,138,65
923,176,140,66
923,175,143,67
921,175,147,69
921,175,149,70
920,174,150,71
918,174,153,72
917,174,154,72
826,193,161,76
732,178,134,57
733,178,134,57
733,178,134,57
799,178,135,57
799,181,130,55
800,181,130,55
800,181,131,55
693,176,131,55
697,177,129,55
683,182,137,58
684,177,143,61
688,176,143,61
683,176,142,60
630,198,144,61
628,199,146,62
630,199,144,61
654,196,151,64
625,198,153,65
622,197,155,66
631,198,153,65
630,198,154,65
632,198,154,65
630,198,154,66
630,198,154,66
628,197,158,67
627,197,161,68
627,197,161,68
626,197,160,68
626,197,161,68
636,179,155,66
633,183,153,65
629,180,158,67
632,184,155,66
638,178,152,65
636,179,152,64
630,200,153,65
631,199,152,65
633,200,151,64
635,200,148,63
633,200,148,63
633,200,148,63
633,200,148,63
633,200,148,63
635,200,148,63
636,200,147,63
638,200,147,63
637,200,147,62
638,203,145,61
637,203,145,62
637,203,146,62
637,203,146,62
635,203,150,64
633,202,152,65
631,202,157,67
631,202,157,67
631,202,157,67
645,195,158,67
644,194,156,66
646,194,155,66
646,194,156,66
645,194,156,66
646,194,156,66
646,194,156,66
646,194,156,66
645,193,156,66
671,184,154,66
670,184,154,65
670,184,154,65
670,184,154,65
670,184,154,65
670,184,154,65
670,184,154,65
670,184,154,65
671,184,154,65
671,184,154,65
641,181,157,67
643,183,156,66
646,183,155,66
640,181,157,67
644,183,155,66
643,182,156,66
669,203,157,67
668,203,156,66
670,203,157,67
668,203,157,67
670,203,157,67
670,203,157,67
670,204,157,67
671,202,157,67
670,202,157,67
671,203,156,66
671,203,157,66
670,203,157,67
670,203,157,67
670,203,158,67
669,203,157,67
662,195,157,67
658,190,160,68
655,190,167,71
659,190,166,70
657,190,167,71
662,190,167,71
656,190,167,71
678,203,164,70
679,202,161,68
680,203,161,68
678,202,159,67
682,203,158,67
682,203,159,67
680,203,160,68
682,204,156,66
682,203,158,67
682,203,158,67
682,203,157,67
696,200,157,66
696,199,157,67
696,200,157,67
696,200,157,67
696,200,157,67
696,200,157,67
696,200,157,67
696,200,157,67
696,200,157,67
696,200,157,67
696,200,157,67
696,200,157,67
695,199,157,67
695,205,154,65
696,205,154,65
695,205,154,65
693,205,154,65
698,205,153,65
698,205,154,65
694,204,156,66
696,204,157,67
694,203,159,67
697,204,158,67
695,203,159,67
695,202,161,69
694,202,161,69
695,203,161,68
695,202,162,69
695,203,160,68
695,202,162,69
692,201,164,70
692,200,165,70
694,203,162,69
695,202,161,69
693,201,163,69
695,203,160,68
693,201,163,69
695,202,161,68
693,201,163,69
692,200,165,70
694,202,163,69
692,200,166,70
692,201,165,70
692,201,165,70
694,202,163,69
696,203,161,68
694,202,160,68
695,203,160,68
694,202,162,69
695,203,159,68
695,202,160,68
697,202,161,68
697,202,161,68
696,202,160,68
696,202,160,68
697,202,161,68
695,202,161,68
696,203,160,68
697,202,161,68
696,203,160,68
697,202,161,68
697,203,160,68
696,202,161,68
695,202,161,68
697,203,160,68
696,202,161,68
697,203,160,68
695,202,161,68
695,204,156,66
695,205,155,66
695,205,155,66
695,204,155,66
695,204,155,66
695,204,155,66
695,205,155,66
695,204,156,66
695,205,155,66
696,205,155,66
695,204,156,66
695,205,155,66
695,204,155,66
695,204,155,66
695,204,154,66
695,204,156,66
651,202,153,65
648,202,157,67
649,202,154,65
647,201,158,67
647,201,159,67
650,202,153,65
648,201,158,67
650,202,153,65
653,201,158,67
653,200,161,68
652,200,158,67
655,200,157,67
653,200,158,67
653,200,161,68
654,200,157,67
654,200,160,68
652,199,163,69
653,200,158,67
654,200,157,67
654,200,157,67
652,200,161,68
653,200,157,67
653,200,160,68
652,200,162,69
653,200,161,68
653,200,158,67
653,200,162,69
647,200,173,74
649,199,168,72
651,200,168,71
648,200,172,73
647,199,173,74
649,199,170,72
649,199,168,71
651,200,167,71
655,201,160,68
650,200,166,70
653,200,162,69
651,201,165,70
651,201,165,70
650,200,170,72
651,199,167,71
651,201,165,70
651,200,166,70
650,200,167,71
650,200,167,71
651,200,167,71
651,200,166,71
650,199,168,71
653,200,161,69
650,200,167,71
653,200,161,69
657,200,164,70
659,200,164,70
659,200,165,70
659,200,164,70
660,200,164,70
657,201,167,71
656,200,169,72
657,201,167,71
656,201,165,70
657,201,167,71
658,200,165,70
657,201,167,71
657,201,168,71
657,200,169,72
658,200,165,70
658,201,165,70
657,201,163,69
659,201,162,69
655,204,162,69
656,205,157,67
658,205,157,67
657,205,157,67
656,205,158,67
656,204,158,67
656,205,157,67
657,205,157,67
658,205,157,67
658,205,157,67
657,205,157,67
658,204,157,67
658,204,161,68
657,203,163,69
656,204,159,68
658,203,162,69
657,203,163,69
657,203,163,69
658,204,161,68
657,203,163,69
658,204,158,67
658,204,160,68
657,203,163,69
656,204,159,68
657,204,161,68
657,203,163,69
657,203,163,69
658,204,158,67
658,204,157,67
657,204,158,67
657,204,161,68
655,203,164,70
657,203,159,68
658,204,157,67
657,203,162,69
655,203,164,70
657,203,159,68
658,204,157,67
657,203,162,69
655,203,164,70
656,201,166,70
652,200,170,72
652,200,171,73
652,200,171,73
651,200,174,74
652,200,176,75
652,200,174,74
652,203,170,72
651,203,170,72
652,203,170,72
651,203,170,72
652,203,168,71
652,203,169,72
652,203,167,71
653,203,166,70
653,203,166,70
653,203,166,70
653,203,166,70
652,203,166,70
653,203,166,70
653,203,166,70
654,203,166,70
653,203,166,70
653,203,166,70
652,203,166,70
626,187,164,70
631,188,167,71
622,186,180,76
622,185,186,79
619,185,183,78
617,185,189,80
616,184,193,82
615,184,194,83
616,184,194,83
616,184,191,81
616,184,192,82
617,184,189,80
616,184,192,82
618,185,187,80
615,184,194,83
616,184,192,82
614,184,195,83
614,184,194,82
594,184,179,76
593,184,179,76
592,184,180,76
596,184,176,75
595,184,168,71
598,184,174,74
597,184,173,74
597,184,173,73
582,188,170,72
583,189,168,72
582,188,168,71
582,189,167,71
583,190,166,71
583,189,168,71
583,189,168,72
584,189,166,71
583,188,169,72
583,189,169,72
582,189,169,72
583,189,169,72
584,188,169,72
584,188,169,72
583,188,169,72
583,188,169,72
583,188,169,72
583,188,169,72
584,188,169,72
583,188,169,72
583,188,169,72
584,188,170,72
583,188,168,72
584,188,170,72
583,188,169,72
580,187,175,74
584,188,169,72
584,188,169,72
541,166,176,75
539,165,179,76
538,166,178,76
536,165,184,78
536,165,186,79
537,165,183,78
538,165,180,76
537,165,180,76
538,165,180,76
539,165,180,77
539,165,179,76
540,165,175,75
467,178,176,75
469,178,175,74
470,179,177,75
468,178,178,76
464,178,182,77
464,178,181,77
466,178,182,77
465,179,182,77
466,178,182,77
466,178,182,77
465,178,182,78
465,178,183,78
465,178,183,78
464,178,180,77
467,179,179,76
463,178,181,77
466,178,182,77
463,178,182,77
464,178,184,78
464,178,183,78
510,172,180,77
510,172,178,76
511,173,180,76
513,172,176,75
511,173,179,76
511,171,179,76
511,172,177,75
512,173,176,75
512,173,176,75
512,173,176,75
512,173,176,75
512,173,176,75
512,173,176,75
512,173,176,75
512,173,176,75
512,173,176,75
512,173,176,75
512,173,176,75
512,173,176,75
513,173,176,75
512,173,176,75
513,173,176,75
513,173,176,75
512,173,176,75
513,173,176,75
512,173,176,75
513,173,177,75
512,173,176,75
512,173,176,75
513,173,176,75
512,173,176,75
521,180,177,75
517,177,181,77
516,177,182,77
518,179,181,77
518,178,179,76
520,179,177,75
517,176,181,77
518,178,179,76
520,179,177,75
517,176,181,77
516,177,183,78
515,176,183,78
515,176,184,78
518,178,179,76
517,177,182,77
520,179,178,75
518,180,179,76
523,180,178,76
518,178,182,77
516,179,181,77
523,180,178,76
520,179,179,76
521,179,181,77
515,177,183,78
523,180,180,76
523,180,180,76
520,179,181,77
519,179,181,77
519,178,182,77
517,177,184,78
519,178,181,77
517,177,186,79
516,177,186,79
516,177,184,78
515,177,186,79
516,177,186,79
516,177,187,79
517,178,184,78
518,178,182,77
517,177,184,78
516,177,185,79
518,178,183,78
517,177,185,79
522,178,182,77
516,178,182,77
518,179,181,77
517,178,182,77
517,178,181,77
517,178,182,77
518,178,182,77
577,181,187,80
578,185,184,78
577,184,184,78
578,186,181,77
578,187,179,76
580,186,181,77
580,186,179,76
580,186,180,76
577,184,184,78
579,186,180,76
568,182,178,76
568,182,178,76
565,180,181,77
565,181,180,76
563,180,183,78
569,182,177,75
569,182,177,75
569,182,177,75
567,181,180,77
566,181,179,76
566,181,179,76
566,181,179,76
566,181,179,76
566,181,179,76
566,181,179,76
566,181,180,76
566,181,179,76
566,181,179,76
566,181,179,76
566,181,180,76
566,181,179,76
566,181,179,76
566,181,179,76
566,181,179,76
566,181,180,76
568,175,194,82
566,174,197,84
569,176,195,83
567,175,197,84
568,175,195,83
566,174,198,84
568,175,195,83
566,174,198,84
567,174,200,85
566,174,200,85
566,174,199,85
566,174,199,85
566,174,199,85
566,174,199,85
566,174,199,85
566,174,199,85
566,174,200,85
566,174,199,85
566,174,200,85
566,174,199,85
566,174,199,85
566,174,199,85
566,174,199,85
566,174,199,85
565,181,177,75
563,180,179,76
565,181,177,75
563,180,180,77
563,180,181,77
564,181,178,76
563,180,180,77
565,181,178,76
564,181,178,76
563,180,180,77
565,181,178,75
563,180,180,76
563,180,181,77
564,181,178,76
561,180,181,77
560,180,183,78
560,180,181,77
560,180,183,78
561,180,181,77
560,180,182,77
560,180,181,77
563,181,178,76
562,181,179,76
560,180,181,77
562,181,179,76
559,179,182,77
560,180,182,77
560,180,182,77
560,180,182,77
560,180,182,77
560,180,182,77
560,180,182,77
560,180,182,77
560,180,182,77
560,180,182,77
560,180,182,77
560,180,182,77
558,179,182,77
560,180,182,77
558,179,182,77
560,181,181,77
560,180,181,77
557,180,182,77
559,180,182,77
559,180,182,77
559,180,182,78
559,180,182,77
558,180,182,77
561,180,183,78
565,183,176,75
559,180,183,78
558,179,187,79
558,179,184,78
562,180,182,77
558,179,185,79
559,180,183,78
559,179,186,79
561,181,184,78
561,180,182,77
561,181,182,77
561,181,182,77
561,181,182,77
562,181,181,77
592,193,180,77
592,193,177,75
589,194,176,75
588,193,177,75
591,194,176,75
589,193,177,75
588,193,178,76
589,193,176,75
593,194,176,75
588,193,178,76
589,193,176,75
593,194,176,75
588,193,178,76
592,193,176,75
593,194,176,75
593,194,176,75
593,194,176,75
593,194,176,75
593,194,177,75
593,194,176,75
593,194,176,75
593,194,177,75
593,194,177,75
593,194,177,75
593,194,177,75
593,194,177,75
593,194,177,75
593,194,177,75
593,194,177,75
593,194,177,75
593,194,177,75
593,194,177,75
593,194,177,75
541,184,178,76
542,182,174,74
543,183,173,73
542,185,167,71
542,183,168,72
541,183,169,72
542,183,170,72
540,182,172,73
541,183,170,72
543,185,167,71
542,183,170,72
541,183,170,72
544,184,167,71
541,183,170,72
541,183,170,72
544,184,167,71
542,185,167,71
542,183,169,72
543,185,166,71
542,185,166,71
543,185,166,71
543,185,166,71
543,185,166,71
543,185,166,71
568,181,179,76
565,181,180,77
568,183,176,75
566,181,180,77
563,181,180,77
567,182,177,75
565,181,180,77
564,181,181,77
567,181,181,77
565,181,180,77
567,181,181,77
565,181,180,77
567,181,181,77
566,182,177,75
566,182,177,75
565,181,181,77
566,181,181,77
566,181,181,77
567,182,177,75
566,181,181,77
558,181,180,77
558,181,182,77
563,182,178,76
564,182,176,75
559,181,178,76
558,181,180,77
558,181,181,77
559,181,183,78
559,180,182,77
558,181,182,77
558,181,182,77
558,181,182,77
559,181,182,77
559,180,183,78
558,181,181,77
558,180,182,77
559,180,183,78
559,181,181,77
559,180,182,77
560,181,181,77
558,180,182,77
559,180,183,78
558,181,181,77
560,180,182,77
560,181,182,77
558,180,182,77
559,180,182,77
558,180,182,77
559,180,183,78
559,180,182,78
557,179,186,79
550,171,191,81
551,170,192,82
551,170,192,82
550,172,189,80
550,170,193,82
550,170,193,82
553,171,190,81
550,170,192,82
548,170,192,82
549,169,196,83
550,168,196,83
549,170,194,82
549,168,196,83
548,169,196,83
549,169,197,84
549,168,197,84
548,170,193,82
548,168,196,83
550,168,197,84
547,170,194,82
547,169,196,83
547,168,196,83
547,168,196,83
547,168,195,83
550,170,194,82
547,170,194,82
547,170,194,82
547,169,195,83
547,169,195,83
547,170,194,83
548,168,196,83
550,169,194,83
547,169,196,83
549,169,195,83
549,169,195,83
550,170,194,83
549,169,196,83
549,168,196,83
547,168,196,83
548,169,197,84
546,168,198,84
546,168,198,84
549,169,196,83
546,168,198,84
548,169,197,84
547,169,196,83
547,169,196,83
549,169,196,83
548,168,196,83
546,168,198,84
548,169,197,84
547,169,196,83
549,168,196,83
547,169,196,83
549,168,196,83
548,169,195,83
548,169,195,83
549,168,196,83
546,168,198,84
546,168,198,84
548,169,197,84
547,169,196,83
549,168,196,84
547,169,196,83
549,168,196,83
548,168,196,83
547,168,198,84
547,168,196,83
549,169,197,84
548,169,195,83
548,169,195,83
599,175,205,87
603,177,199,85
596,174,205,87
600,175,204,87
602,177,200,85
596,174,206,88
602,176,201,85
602,177,199,84
603,177,199,85
607,178,198,84
608,179,192,82
601,177,196,83
606,178,197,84
606,178,197,84
610,180,192,81
606,178,195,83
609,180,192,81
610,179,191,81
604,178,194,83
603,177,196,83
606,178,196,83
603,178,196,83
602,177,197,84
607,179,193,82
603,177,196,83
642,170,186,79
632,171,195,83
640,171,199,85
639,170,200,85
639,170,192,82
618,201,192,81
614,201,191,81
618,201,191,81
615,201,190,81
615,202,191,81
615,201,190,81
614,200,190,81
615,200,190,81
615,200,190,81
614,201,190,81
614,201,191,81
615,201,191,81
615,201,191,81
614,200,191,81
613,200,191,81
616,201,191,81
615,200,190,81
615,200,190,81
615,200,190,81
615,201,190,81
616,189,194,83
614,188,195,83
615,189,195,83
616,189,195,83
612,188,196,83
610,187,195,83
613,188,196,83
611,187,195,83
610,187,196,83
613,187,196,83
613,187,196,83
613,187,196,83
612,187,196,83
612,187,196,83
613,187,196,83
612,187,196,83
613,187,196,83
612,187,196,83
612,187,196,83
612,187,196,83
612,187,196,83
613,187,196,83
612,187,196,83
613,187,196,83
729,188,197,84
736,186,200,85
733,185,200,85
733,185,202,86
735,185,202,86
734,185,202,86
734,186,203,86
735,185,203,86
734,184,205,87
734,187,200,85
733,187,198,84
731,184,204,87
735,187,199,85
735,187,199,85
734,187,199,85
731,185,205,87
730,185,206,88
735,187,199,85
735,187,199,84
731,185,203,86
735,187,199,85
731,186,202,86
730,185,203,86
734,187,199,84
731,185,202,86
735,187,198,84
731,185,204,87
774,189,118,59
774,189,117,59
772,188,120,61
774,189,118,60
772,188,121,61
772,188,121,61
774,189,117,59
773,188,120,61
773,188,119,60
774,189,117,59
774,189,117,59
774,189,117,59
774,189,117,59
774,189,117,59
772,188,120,61
772,188,120,61
772,188,120,61
772,188,117,59
772,189,116,59
772,189,117,59
773,189,117,59
774,188,117,59
774,189,116,59
772,188,118,60
772,188,116,59
775,188,117,59
773,189,116,59
773,189,116,59
773,188,117,59
773,188,117,59
773,189,117,59
774,188,117,59
773,189,117,59
771,188,118,60
773,189,117,59
774,188,117,59
713,194,136,60
710,193,142,63
710,193,142,63
715,195,131,58
712,194,138,61
711,193,142,63
712,193,138,61
711,193,141,63
711,192,142,63
714,194,135,60
713,194,136,60
865,227,100,61
866,227,100,61
861,223,107,65
860,220,115,70
863,222,109,67
863,222,110,67
863,222,109,66
865,221,101,62
864,223,101,62
864,223,102,62
864,222,102,62
863,222,103,63
863,222,103,63
859,216,108,62
859,213,110,64
869,218,112,64
867,218,115,66
871,218,115,66
868,218,115,66
869,217,115,66
868,216,116,67
867,218,116,67
864,218,115,66
869,218,116,67
865,217,117,68
865,217,117,68
865,217,117,68
860,219,114,66
861,220,112,65
861,219,112,65
861,220,112,65
861,221,109,63
862,221,109,63
863,221,108,62
866,221,106,61
866,220,106,61
864,220,107,61
863,221,107,61
862,221,106,61
757,220,101,58
762,219,99,57
761,220,97,56
753,216,100,58
747,219,103,59
740,222,103,59
739,224,102,59
737,226,99,57
737,226,98,57
736,225,97,56
734,225,97,56
736,224,97,56
734,223,99,57
737,225,98,56
737,225,98,56
736,224,98,56
736,225,98,56
737,224,97,56
737,224,97,56
739,218,91,52
733,213,90,52
716,203,91,52
719,211,91,52
724,213,80,51
723,213,79,51
725,213,77,49
720,217,74,47
725,196,72,46
855,215,105,49
855,217,104,49
856,220,102,48
930,220,99,46
932,221,97,46
932,221,98,46
926,218,105,49
926,218,105,49
926,218,105,49
928,220,102,48
929,219,102,48
926,218,104,49
926,217,106,50
925,217,105,49
926,216,107,50
925,215,107,50
925,215,107,50
925,215,107,50
926,214,106,50
928,215,106,50
926,216,108,51
891,208,114,54
891,210,112,53
890,209,114,53
893,208,112,53
891,210,114,54
894,208,114,53
904,209,110,52
904,207,109,51
901,209,110,51
905,208,108,51
909,204,105,49
906,209,108,51
904,209,110,52
905,208,109,51
904,211,112,53
903,208,111,52
934,215,111,52
933,215,112,53
940,215,112,53
940,218,112,53
926,216,115,54
947,215,111,52
949,214,110,51
971,205,105,49
959,219,107,50
969,222,110,52
967,221,112,53
968,221,113,53
976,221,116,54
970,209,118,55
969,210,118,56
981,210,119,56
988,208,116,54
982,211,116,55
990,207,111,52
997,208,107,50
1020,209,106,50
1018,207,109,51
1020,209,108,51
1032,201,107,50
1035,202,106,50
1027,215,108,51
1025,214,110,52
1026,215,111,52
1026,217,113,53
1025,222,112,53
1036,222,113,53
1038,222,113,53
1050,222,115,54
1054,225,114,54
1083,212,114,54
1082,212,114,54
1082,212,114,53
1083,211,114,53
1084,212,114,53
1085,212,114,53
1051,218,115,54
1057,222,118,55
1056,221,119,56
1060,222,118,55
1071,216,113,53
1072,216,110,51
1071,218,110,52
1075,217,110,51
1078,215,107,50
1099,200,105,49
1101,200,104,49
1111,205,102,48
1115,205,100,47
1112,222,99,46
1112,221,100,47
1111,219,103,48
1109,221,103,48
1113,221,105,49
1145,226,103,48
1144,226,102,48
1158,226,101,47
1160,226,100,47
1161,226,99,46
1153,231,98,46
1142,228,99,46
1148,220,105,49
1149,219,107,50
1148,219,109,51
1152,219,110,51
1146,225,109,51
1146,221,107,50
1150,224,104,49
1154,224,103,49
1182,213,105,49
1181,213,105,49
1180,214,109,51
1178,213,114,54
1179,213,115,54
1177,213,116,54
1178,213,116,54
1178,213,116,54
1179,213,116,54
1179,213,114,54
1181,213,112,53
1181,213,113,53
1182,213,112,53
1185,212,112,53
1182,213,113,53
1186,213,109,51
1181,213,112,52
1177,216,113,53
1177,217,113,53
1175,218,112,53
1206,216,111,52
1206,217,111,52
1206,217,111,52
1205,216,110,52
1203,218,113,53
1200,217,115,54
1203,217,117,55
1204,215,116,54
1207,215,114,54
1205,217,115,54
1205,216,115,54
1205,215,113,53
1208,213,111,52
1209,214,109,51
1209,214,109,51
1210,214,109,51
1209,213,109,51
1208,212,108,51
1201,213,105,49
1201,213,106,50
1199,220,108,50
1201,219,107,50
1199,219,107,50
1199,220,106,50
1193,217,107,50
1180,216,108,51
1179,216,107,50
1177,216,109,51
1180,216,109,51
1179,216,109,51
1179,216,109,51
1192,219,110,51
1192,219,110,52
1195,219,110,52
1192,219,110,52
1172,218,108,50
1158,221,106,50
1152,216,106,50
1154,218,107,50
1153,218,108,51
1156,220,107,50
1151,218,108,50
1148,219,111,52
1154,214,109,51
1145,208,106,50
1133,216,105,49
1129,216,106,50
1135,216,106,50
1126,217,105,49
1141,218,106,50
1143,218,106,50
1143,218,106,50
1144,217,106,50
1144,217,106,50
1142,218,107,50
1149,221,105,49
1148,221,105,49
1148,221,105,49
1148,221,105,49
1154,223,104,49
1155,216,104,49
1139,224,99,47
1140,224,96,45
1118,220,96,45
1119,220,95,45
1119,221,95,45
1119,221,95,45
1120,221,95,45
1128,220,99,46
1121,216,102,48
1114,217,105,49
1098,213,103,48
1087,214,102,48
1096,205,101,47
1096,207,100,47
1097,206,98,46
1066,219,101,47
1065,218,102,48
1065,222,102,48
1064,223,101,47
1064,222,101,47
1065,223,101,47
1065,223,101,47
1065,223,101,47
1043,220,100,47
1044,223,94,44
1043,223,94,44
1044,223,93,44
1044,222,93,44
1045,221,93,44
1036,222,94,44
1036,223,94,44
1037,223,94,44
1037,221,94,44
1037,220,94,44
1042,219,96,45
1045,217,100,47
1044,217,102,48
1048,217,102,48
1035,216,102,48
1018,211,101,47
1019,212,99,46
1020,212,99,46
1020,212,99,46
1017,216,96,45
1019,214,97,45
1009,214,97,46
1006,220,98,46
1007,220,99,46
1006,220,99,47
1006,220,100,47
998,221,100,47
998,221,100,47
996,221,101,47
997,221,101,47
1000,218,101,47
1000,219,100,47
999,219,100,47
999,219,100,47
998,215,100,47
994,214,100,47
995,215,101,47
995,215,101,47
993,214,100,47
978,219,99,46
978,219,98,46
972,215,96,45
974,216,94,44
974,217,96,45
976,218,97,45
975,218,98,46
978,216,99,46
978,214,98,46
947,216,97,45
943,214,93,43
945,214,91,43
932,219,90,42
912,208,90,42
911,208,90,42
907,208,91,42
927,223,92,43
928,223,90,42
889,216,91,43
890,217,90,42
889,217,89,42
875,219,90,42
864,218,91,43
863,219,93,44
861,217,94,44
863,220,95,44
859,217,96,45
882,222,95,45
880,221,95,44
881,222,95,44
882,221,95,44
869,216,95,45
843,214,90,42
844,216,89,42
844,216,88,41
843,216,87,41
822,210,90,42
806,213,89,42
807,213,89,42
809,213,88,41
843,224,89,42
844,223,89,42
842,223,90,42
841,222,92,43
842,222,92,43
842,222,92,43
842,222,92,43
840,222,92,43
838,222,91,43
802,218,88,41
802,218,87,41
802,217,88,41
780,215,86,40
782,216,83,39
786,216,83,39
781,215,80,38
787,215,78,36
787,216,79,37
791,216,81,38
787,215,79,37
771,214,79,37
774,216,78,37
776,216,81,38
775,216,82,38
797,217,84,40
775,216,84,39
772,217,87,41
782,217,86,40
783,217,86,40
793,215,83,39
806,208,84,39
789,215,84,39
789,214,83,39
794,202,81,38
793,202,81,38
794,201,78,36
794,202,77,36
773,221,79,37
785,221,80,38
780,224,81,38
777,224,82,38
779,224,83,39
768,221,85,40
770,220,85,40
766,220,86,40
766,219,88,41
766,218,90,42
772,216,93,44
766,217,95,44
761,216,93,44
761,216,93,43
755,217,93,43
752,215,91,43
753,215,88,41
753,215,88,41
753,215,86,40
760,215,82,38
763,212,81,38
768,212,80,38
770,212,80,37
774,212,83,39
780,213,81,38
769,209,80,38
769,209,80,37
769,208,79,37
746,216,78,37
740,216,76,36
741,217,76,35
740,216,76,36
738,217,78,37
723,205,80,38
723,205,80,38
723,205,80,38
727,217,84,39
727,217,85,40
727,217,88,41
708,207,90,42
705,209,90,42
705,208,90,42
704,209,91,43
705,207,91,43
707,207,92,43
705,206,93,43
715,215,91,43
717,217,94,44
718,217,95,45
699,205,95,45
699,208,96,45
696,203,95,44
702,209,95,45
701,210,97,45
720,217,100,47
717,217,102,48
718,216,102,48
718,216,103,48
716,215,100,47
718,215,100,47
716,215,99,46
716,216,97,46
718,215,95,44
720,216,94,44
705,215,98,46
701,215,97,45
702,215,96,45
709,215,90,42
710,216,90,42
715,215,84,40
715,216,82,38
734,209,81,38
735,209,81,38
734,209,81,38
733,209,81,38
711,209,81,38
711,209,81,38
702,213,80,37
699,213,78,37
702,212,77,36
698,214,76,35
698,213,74,35
685,216,75,35
678,217,78,36
677,220,79,37
676,221,79,37
675,221,78,37
665,216,82,38
647,212,81,38
645,211,80,37
645,211,79,37
642,212,79,37
679,218,81,38
678,215,84,39
675,218,85,40
673,216,89,42
669,215,94,44
664,215,99,46
663,215,99,47
642,216,104,49
632,216,105,49
638,215,107,50
650,214,90,42
655,214,84,39
656,214,84,39
658,214,82,38
656,214,88,41
659,215,90,42
656,214,90,42
656,214,90,42
649,204,92,43
648,203,94,44
643,203,94,44
639,202,93,44
641,202,92,43
620,213,89,42
605,210,87,41
608,210,86,40
659,255,83,39
660,256,81,38
704,237,82,38
724,218,83,39
722,217,84,39
743,225,86,40
743,226,86,40
761,214,88,41
762,214,90,42
744,213,98,46
755,212,106,50
757,212,106,50
752,213,108,51
747,213,109,51
743,213,114,53
738,212,117,55
722,205,116,54
736,209,112,52
737,210,109,51
731,211,110,52
725,202,107,50
725,198,109,51
726,197,108,51
733,205,108,51
732,205,109,51
730,207,108,51
725,205,108,51
727,207,107,50
727,207,107,50
756,197,106,50
755,195,106,50
757,198,107,50
756,200,110,52
753,204,108,51
742,212,110,51
771,215,107,50
773,216,106,50
782,212,109,51
776,212,109,51
778,212,110,51
780,212,109,51
782,211,109,51
772,210,112,52
775,205,112,52
780,205,109,51
785,208,109,51
783,207,110,51
783,208,110,51
781,209,111,52
775,211,110,52
776,211,110,52
802,214,110,52
801,215,108,51
798,221,108,51
804,219,108,51
802,219,108,51
805,213,108,51
804,210,109,51
804,208,110,52
812,211,109,51
816,213,106,50
818,213,105,49
825,213,106,50
828,213,107,50
828,213,107,50
823,215,107,50
822,216,108,50
847,218,110,52
847,218,110,52
847,218,111,52
846,217,111,52
846,219,112,52
856,210,112,53
854,209,112,53
856,210,113,53
856,210,113,53
854,210,113,53
854,210,113,53
856,210,113,53
861,206,111,52
863,206,110,51
859,209,110,51
857,210,110,52
854,210,111,52
851,211,113,53
849,211,113,53
886,216,112,52
899,208,109,51
900,208,109,51
899,207,108,51
900,208,108,51
900,207,108,50
903,207,107,50
907,211,110,51
905,210,111,52
912,210,112,53
918,209,113,53
920,209,115,54
918,209,115,54
923,209,115,54
942,208,117,55
940,208,118,55
940,209,118,56
943,208,116,55
944,208,116,55
947,207,114,53
946,208,114,53
944,213,114,54
943,212,115,54
962,220,115,54
958,220,115,54
950,216,116,54
950,215,116,55
982,218,118,55
980,218,118,56
978,217,118,55
979,217,119,56
980,218,118,56
1007,220,122,57
1001,220,126,59
984,215,122,57
990,218,117,55
1010,215,111,52
1012,212,113,53
1011,213,114,53
1017,205,113,53
1018,204,111,52
1015,205,108,51
1018,206,107,50
1018,203,102,48
1023,205,100,47
1039,214,101,47
1038,214,102,48
1037,214,102,48
1055,208,78,64
1062,203,79,65
1067,200,78,64
1070,200,74,61
1072,200,72,59
1073,197,75,61
1074,196,73,60
1075,197,72,59
1095,210,71,58
1095,210,71,58
1095,210,71,58
1095,210,71,58
1093,210,74,60
1091,209,74,61
1090,210,75,61
1088,208,74,61
1102,209,72,59
1119,210,68,56
1146,221,64,53
1146,221,64,53
1146,219,64,52
1149,219,63,51
1143,207,64,52
1162,209,62,51
1163,209,62,51
1166,216,62,51
1165,216,62,51
1166,217,62,51
1174,199,61,50
1174,200,60,49
1174,202,60,49
1176,201,60,49
1193,213,62,51
1197,210,62,50
1198,210,61,50
1199,209,61,50
1198,208,61,50
1198,209,60,49
1197,211,61,50
1196,211,62,51
1177,212,65,53
1189,210,67,55
1190,211,68,55
1190,212,70,57
1190,212,70,57
1188,211,71,58
1188,211,71,58
1189,211,71,58
1196,209,71,58
1196,209,72,59
1212,207,73,60
1209,207,74,61
1213,208,72,59
1211,207,74,61
1218,202,73,60
1217,201,73,60
1218,202,73,60
1230,212,72,59
1228,228,73,59
1228,227,73,59
1228,226,71,59
1226,228,72,59
1231,208,73,60
1227,211,72,59
1228,211,71,58
1228,212,71,58
1229,212,70,58
1229,212,70,57
1228,213,71,58
1228,210,71,58
1186,207,69,57
1184,208,68,55
1186,210,66,54
1182,210,66,54
1184,212,67,55
1206,211,66,54
1207,211,66,54
1208,211,66,54
1208,211,66,54
1209,210,66,54
1209,211,66,54
1172,204,70,57
1192,210,68,55
1195,207,69,56
1176,211,68,56
1175,212,68,56
1161,208,68,55
1159,210,68,56
1159,214,69,56
1161,214,69,57
1160,214,69,57
1145,208,69,57
1145,202,74,60
1122,200,76,62
1121,199,77,63
1120,202,78,64
1118,202,78,64
1121,206,77,63
1122,208,76,62
1124,208,73,60
1121,209,74,61
1108,209,72,59
1098,194,74,60
1093,200,74,61
1093,203,75,61
1095,203,75,62
1089,208,71,58
1074,208,71,58
1073,208,71,58
1076,200,73,60
1077,196,73,60
1067,200,78,64
1067,198,77,63
1066,194,80,66
1062,197,79,64
1061,196,78,64
1049,187,77,63
1053,204,77,63
1050,187,77,63
1053,205,75,62
1054,204,76,62
1053,205,76,62
1054,204,76,62
1055,203,76,62
1053,203,76,62
1052,204,76,62
1053,204,76,62
1053,204,76,62
1049,207,75,61
1051,209,72,59
1053,208,71,58
1054,209,71,58
1054,209,71,58
1046,203,71,58
1043,203,73,60
1051,209,72,59
1052,208,72,59
1042,202,72,59
1049,206,72,59
1052,208,71,58
1046,206,71,58
1047,206,72,59
1050,206,72,59
1047,210,71,58
1042,207,71,58
1033,207,71,58
1031,206,72,59
1034,204,73,60
1031,204,74,61
1031,203,75,61
1031,202,74,61
1028,203,74,60
1030,204,74,61
993,206,73,60
993,206,73,60
993,205,73,60
989,205,73,60
972,205,73,60
956,205,72,59
950,198,74,61
949,204,73,60
950,204,73,60
947,202,73,60
945,196,73,60
951,212,73,60
958,205,75,62
959,205,74,61
953,205,75,62
952,205,75,62
951,205,75,61
948,204,75,61
936,206,75,62
928,204,73,60
926,203,72,59
936,206,73,60
932,206,73,60
938,206,73,60
934,204,73,60
934,205,73,60
933,204,73,60
933,204,73,59
931,203,72,59
926,203,71,59
913,202,71,58
911,203,71,58
912,203,71,58
911,202,71,59
902,197,77,63
906,202,74,61
909,203,72,59
911,202,71,58
916,205,73,60
915,204,73,60
878,203,74,61
879,204,74,61
878,202,73,60
880,203,73,60
888,208,75,62
887,207,76,62
887,206,77,63
866,204,77,63
856,199,78,64
849,202,71,58
842,206,72,59
839,199,76,62
840,203,75,61
845,205,77,63
839,201,75,61
834,203,72,59
833,206,71,58
832,205,71,58
831,206,72,59
833,206,72,59
836,206,73,60
835,205,73,60
836,205,73,60
834,204,70,58
822,199,71,58
828,198,74,61
825,196,76,62
825,194,78,64
803,201,77,63
805,212,79,64
764,226,79,65
809,202,78,64
814,202,75,61
816,202,73,59
802,202,71,58
800,203,71,58
800,204,71,58
814,208,72,59
812,207,73,60
810,205,75,62
810,205,76,62
810,206,75,62
811,206,76,62
810,207,75,61
809,209,76,63
807,211,77,63
806,211,79,64
800,213,79,65
800,213,79,64
800,213,79,64
801,213,79,64
781,207,80,66
781,207,81,66
781,207,81,66
776,207,82,67
777,205,81,67
777,206,82,67
765,205,81,67
763,196,82,67
762,197,82,67
760,194,83,68
742,194,83,68
742,194,83,68
742,193,83,68
742,195,82,67
749,197,81,67
749,196,81,67
750,196,82,67
740,199,82,67
744,203,79,64
745,203,77,63
742,201,76,62
745,202,75,61
747,203,75,62
747,203,76,62
745,202,76,62
740,195,78,64
749,192,77,63
748,194,77,63
724,200,77,63
723,203,77,63
722,203,77,63
735,205,77,63
734,205,78,64
734,204,77,63
733,200,77,63
722,197,77,63
703,195,78,64
703,195,79,65
693,189,85,70
692,190,85,70
684,190,85,69
677,196,84,69
667,204,84,69
676,205,85,70
681,204,85,70
679,198,85,70
683,194,84,69
683,194,84,69
682,196,84,69
681,195,84,69
677,200,83,68
667,208,82,67
664,195,82,67
665,196,81,66
666,196,81,66
664,195,80,66
666,195,80,65
666,195,79,65
665,195,80,65
663,197,80,65
664,196,79,65
665,189,77,63
653,194,79,65
653,194,79,65
653,195,79,64
663,197,80,66
664,197,80,66
664,197,80,66
664,197,80,66
664,197,81,66
662,196,81,66
661,196,84,69
661,196,85,69
662,196,84,69
661,196,84,69
653,196,87,71
655,195,84,69
654,196,84,69
651,196,83,68
650,196,85,69
651,197,85,70
649,195,87,71
651,196,85,70
653,196,85,70
653,196,85,70
654,196,84,69
659,195,81,67
659,195,80,66
660,196,80,66
660,196,81,66
659,195,80,65
660,195,79,65
666,194,79,65
666,194,78,64
666,192,82,67
667,193,81,66
666,191,82,68
666,191,82,67
667,193,81,66
658,201,80,66
657,199,83,68
701,198,86,70
700,198,87,71
699,198,88,72
699,197,89,73
699,197,89,73
698,197,89,73
702,195,89,73
696,200,95,78
689,192,95,78
689,193,94,77
692,195,91,74
699,193,88,72
703,186,88,72
711,195,85,70
713,196,84,69
713,197,84,69
713,197,84,69
714,199,88,72
709,198,92,75
708,197,93,76
700,197,100,82
713,188,97,80
721,188,96,79
717,188,95,78
709,197,93,77
710,198,94,77
709,197,95,78
706,197,95,78
701,194,94,77
704,195,93,76
707,193,92,75
707,192,92,75
709,191,92,75
711,191,91,75
710,190,91,74
712,189,91,74
717,190,90,74
723,189,90,74
739,193,90,73
745,191,89,73
751,191,89,73
753,193,88,72
754,194,87,72
777,198,88,72
783,196,87,71
779,204,86,71
779,205,86,70
777,205,86,70
777,205,85,70
776,202,85,69
779,199,86,70
779,197,86,70
779,196,86,70
779,197,86,71
779,193,87,71
786,189,89,73
789,190,90,73
789,188,92,75
791,186,94,77
791,185,95,78
787,181,99,81
770,185,105,86
775,188,101,83
775,187,100,82
780,187,98,80
791,193,97,80
795,196,96,79
799,197,96,79
811,199,99,81
810,198,100,82
810,198,100,82
809,197,101,83
808,195,100,82
808,195,100,82
835,188,98,80
854,194,96,79
857,195,96,79
858,196,96,79
858,196,97,79
859,196,97,79
857,197,99,81
862,197,100,82
866,184,100,82
861,190,100,82
862,189,100,82
863,188,98,80
867,181,100,82
865,185,100,82
863,189,99,81
872,182,100,82
872,190,99,81
879,189,98,80
884,192,97,80
904,201,98,81
901,199,102,84
902,200,101,83
899,200,102,83
900,199,102,83
901,199,103,84
908,193,102,83
919,189,101,83
926,191,101,83
926,191,101,83
924,190,101,83
929,188,101,83
940,192,100,82
939,190,100,82
941,191,99,81
950,192,98,81
957,192,98,80
956,192,98,80
983,191,96,79
982,191,96,78
983,191,96,78
983,190,97,80
982,189,97,80
980,188,99,81
992,192,101,83
992,192,101,83
992,192,101,83
992,191,101,83
992,192,101,83
989,195,101,83
990,190,102,84
992,190,103,84
992,190,103,84
969,192,101,83
970,193,100,82
972,194,99,81
972,194,100,82
974,193,99,81
974,194,99,81
1017,199,99,81
1018,199,99,81
1017,198,100,82
1019,185,103,84
1019,185,103,84
1020,185,103,84
1023,179,107,88
1023,183,106,87
1024,182,106,87
1029,190,105,86
1048,196,106,87
1048,196,106,87
1048,193,108,88
1075,187,108,88
1074,187,108,88
1073,187,108,88
1073,185,108,89
1071,184,108,88
1075,187,106,87
1083,187,105,86
1096,198,106,87
1094,197,108,89
1101,186,107,88
1102,187,106,87
1103,186,106,87
1104,187,106,87
1103,186,106,87
1103,186,106,87
1105,183,108,88
1105,182,108,89
1102,181,110,90
1104,180,110,90
1104,183,109,89
1110,183,108,88
1113,183,108,88
1136,189,106,87
