1076,343,87,58
1076,343,87,58
1076,343,87,58
1076,343,87,58
1076,343,87,58
1076,343,87,58
1076,343,87,58
1076,343,87,58
1076,343,87,58
1076,343,87,58
1076,343,87,58
1076,343,87,58
1076,343,87,58
1076,343,87,58
1076,343,87,58
1076,343,87,58
1076,343,87,58
1076,343,87,58
1076,343,87,58
1096,345,85,56
1064,339,92,60
1073,338,94,62
1084,343,87,58
1045,337,94,62
1054,345,85,56
1011,344,87,58
1006,340,90,59
987,343,87,58
964,339,92,60
979,342,90,59
1030,339,92,60
1005,343,87,58
998,343,83,55
1014,339,92,60
1016,337,94,62
1002,334,97,63
975,332,98,72
968,346,83,55
909,337,100,66
871,337,92,60
881,345,78,59
885,348,76,57
851,345,78,59
878,349,74,51
925,345,78,59
922,344,80,60
922,344,80,60
905,345,97,63
905,345,97,63
905,345,97,63
917,347,97,62
905,345,97,63
920,341,98,62
919,346,98,62
915,346,98,62
919,343,98,62
914,346,98,62
919,345,98,62
925,345,98,62
919,343,98,62
905,345,97,63
905,345,97,63
905,345,97,63
905,345,97,63
905,345,97,63
905,345,97,63
905,345,97,63
905,345,97,63
905,345,97,63
932,344,97,63
961,343,97,63
1092,347,84,55
1100,341,97,63
1100,341,97,63
1081,342,97,63
1081,332,100,64
1063,350,88,57
1064,346,95,61
1018,341,100,64
1007,351,88,57
976,347,96,61
959,349,93,60
1002,345,97,63
1012,350,90,58
1026,344,97,63
1009,347,79,50
978,350,90,58
934,352,84,54
865,349,93,60
935,344,97,63
936,342,97,63
933,347,96,61
937,347,95,61
965,347,95,61
974,346,96,61
980,347,96,61
981,349,96,61
967,347,95,61
975,347,96,61
984,346,94,61
967,347,95,61
967,347,95,61
967,347,95,61
967,347,95,61
967,347,95,61
943,344,97,63
938,343,97,63
994,347,104,52
1036,342,97,62
1059,343,108,63
1029,345,112,62
1008,339,120,66
997,335,116,73
1032,343,117,64
1033,341,105,64
967,341,112,65
951,339,117,68
963,341,123,63
938,342,88,62
917,355,84,54
911,346,95,61
966,341,100,64
965,346,95,61
938,342,100,64
1013,346,93,60
988,351,88,57
955,343,88,57
986,344,97,63
988,344,97,63
1018,350,88,57
1001,350,88,57
941,343,97,63
969,346,95,61
1015,363,74,48
1001,354,86,55
1034,358,76,49
1036,352,88,57
1030,347,95,61
1034,349,93,60
1033,349,93,60
1035,349,93,60
1033,347,95,61
1045,343,97,63
1031,348,93,60
1042,346,95,61
1041,350,90,58
1032,346,95,61
1012,352,86,55
934,353,84,54
916,356,78,50
946,341,100,64
949,343,97,63
932,346,95,61
938,346,95,61
997,346,95,61
987,344,97,63
1024,353,86,55
1015,347,93,60
1032,346,95,61
1067,345,95,61
1033,346,95,61
1069,355,82,53
1089,348,93,60
1083,345,95,61
1071,342,97,63
1044,348,93,60
1017,356,84,54
947,344,97,63
947,346,95,61
970,344,97,63
976,347,93,60
947,344,95,61
934,356,82,53
909,346,95,61
916,346,95,61
926,345,95,61
945,353,86,55
943,345,95,61
933,341,100,64
934,345,95,61
951,356,82,53
964,348,93,60
960,346,95,61
951,347,93,60
934,343,97,63
934,334,115,74
925,343,97,63
925,343,97,63
919,343,97,63
933,347,88,57
948,354,82,53
929,346,95,61
930,346,95,61
929,346,95,61
948,343,97,63
964,343,97,63
949,341,100,64
952,347,93,60
953,356,78,50
898,350,90,58
899,358,78,50
892,350,90,58
891,346,95,61
940,360,76,49
903,358,76,49
910,357,80,51
930,350,90,58
948,347,95,61
910,346,93,60
904,340,100,64
952,348,84,54
1013,353,86,55
1125,349,90,58
1093,347,93,60
1093,347,93,60
1098,345,95,61
1103,348,88,57
1029,356,80,51
1003,343,97,63
1088,350,82,53
1061,349,90,58
1039,345,95,61
1030,341,100,64
1016,347,90,58
982,352,82,53
974,353,86,55
973,360,76,49
936,349,90,58
945,344,97,63
1034,346,95,61
1031,346,95,61
1011,348,93,60
1001,336,105,67
1001,336,105,67
1031,342,100,64
1032,344,97,63
1032,346,95,61
1028,358,76,49
1068,352,86,55
1064,349,90,58
1037,347,93,60
1058,344,97,63
1049,340,102,66
1032,347,95,61
1022,342,100,64
1034,347,95,61
1041,348,93,60
1114,353,82,53
1122,341,102,64
1123,348,90,58
1111,357,82,53
1087,349,90,58
1036,335,105,67
1044,343,97,63
1001,346,95,61
1015,346,95,61
1015,346,95,61
1013,346,95,61
994,341,100,64
1060,348,93,60
1063,346,95,61
1058,342,100,64
1057,345,95,61
1055,345,95,61
1027,344,97,63
1011,349,90,58
1012,353,84,54
1058,346,95,61
1016,342,100,64
1019,356,82,53
977,341,100,64
990,349,90,58
955,344,97,63
940,340,102,66
995,354,80,51
1075,354,80,51
1042,346,93,60
1088,352,84,54
1105,344,95,61
1148,355,82,53
1067,350,90,58
1065,346,93,60
1068,348,93,60
1109,350,88,57
1028,346,95,61
1034,348,93,60
1102,352,80,51
1139,355,82,53
1061,341,100,64
1033,346,95,61
1021,341,100,64
1022,346,95,61
1058,354,84,54
1012,349,90,58
1005,345,95,61
1010,347,93,60
1033,341,100,64
1045,342,100,64
1009,347,93,60
996,354,84,54
1026,359,78,50
1022,355,82,53
1069,350,90,58
1050,344,95,61
959,337,105,67
987,346,95,61
1014,349,88,57
1023,342,100,64
1031,360,76,49
981,349,90,58
942,351,84,54
913,347,93,60
947,343,97,63
942,341,100,64
950,342,100,64
973,345,95,61
959,348,90,58
931,359,82,53
914,342,97,63
966,342,100,64
1021,357,82,53
1007,337,105,67
1026,341,100,64
985,344,95,61
981,342,97,63
938,352,84,54
914,346,95,61
921,349,90,58
927,355,84,54
935,340,100,64
1066,351,86,55
1026,343,97,63
1021,341,100,64
1035,347,95,61
1054,344,95,61
1046,345,95,61
1065,340,97,63
1095,354,82,53
1145,343,97,63
1110,340,100,64
1113,349,86,55
1120,352,86,55
1077,340,100,64
1075,340,100,64
1049,334,107,69
1046,345,95,61
1020,344,95,61
979,344,97,63
956,332,110,70
962,337,105,67
962,337,105,67
936,348,90,58
949,348,88,57
917,340,102,66
951,343,97,63
1055,341,100,64
1054,341,100,64
1063,345,95,61
1029,337,105,67
1044,341,100,64
1056,343,97,63
1064,353,86,55
1044,346,95,61
1015,342,100,64
985,341,100,64
970,332,110,70
983,332,110,70
1012,341,100,64
992,341,100,64
1008,344,93,60
1021,356,80,51
914,344,95,61
904,354,82,53
875,346,95,61
819,344,95,61
848,346,88,57
848,346,88,57
846,361,80,51
833,349,93,60
864,340,100,64
822,353,84,54
806,352,88,57
783,355,82,53
777,354,88,57
806,357,84,54
796,348,95,61
803,346,93,60
798,349,90,58
794,363,76,49
792,362,78,50
792,362,78,50
793,362,78,50
793,362,78,50
793,362,78,50
793,362,78,50
790,361,80,51
793,362,78,50
793,362,78,50
793,363,78,50
793,363,78,50
793,363,78,50
793,363,78,50
793,362,78,50
793,363,78,50
793,363,78,50
793,363,78,50
793,363,78,50
793,363,78,50
793,363,78,50
793,363,78,50
793,363,78,50
793,363,78,50
793,363,78,50
793,363,78,50
793,363,78,50
793,363,78,50
793,363,78,50
793,363,78,50
793,363,78,50
793,363,78,50
793,363,78,50
793,363,78,50
793,363,78,50
793,363,78,50
793,363,78,50
793,363,78,50
793,363,78,50
793,363,78,50
793,363,78,50
793,363,78,50
793,363,78,50
793,363,78,50
793,363,78,50
793,363,78,50
793,363,78,50
793,363,78,50
793,363,78,50
793,363,78,50
793,363,78,50
793,363,78,50
793,363,78,50
793,363,78,50
793,363,78,50
793,363,78,50
793,363,78,50
793,363,78,50
793,363,78,50
793,363,78,50
793,363,78,50
793,363,78,50
793,363,78,50
793,363,78,50
793,363,78,50
793,363,78,50
793,363,78,50
793,363,78,50
793,363,78,50
793,363,78,50
793,363,78,50
793,363,78,50
793,363,78,50
793,363,78,50
793,363,78,50
793,363,78,50
793,363,78,50
793,363,78,50
793,363,78,50
793,363,78,50
793,363,78,50
793,363,78,50
793,363,78,50
793,363,78,50
793,363,78,50
793,363,78,50
793,363,78,50
793,363,78,50
793,363,78,50
793,363,78,50
793,363,78,50
793,363,78,50
793,363,78,50
793,363,78,50
793,363,78,50
793,363,78,50
793,363,78,50
793,363,78,50
793,363,78,50
793,363,78,50
793,363,78,50
793,363,78,50
793,363,78,50
793,362,78,50
793,362,78,50
793,362,78,50
792,362,78,50
786,360,80,51
820,358,78,50
813,359,82,53
784,355,84,54
791,362,78,50
789,358,82,53
807,346,95,61
804,342,100,64
836,352,84,54
789,363,78,50
785,357,84,54
820,343,95,61
859,337,97,63
915,350,90,58
930,343,95,61
934,344,93,60
905,354,84,54
856,346,95,61
853,356,82,53
854,352,88,57
844,350,90,58
832,354,86,55
788,357,84,54
788,357,84,54
786,357,84,54
792,362,80,51
793,359,82,53
798,355,84,54
800,367,74,48
811,356,84,54
833,359,82,53
829,357,84,54
831,358,82,53
858,355,82,53
908,351,88,57
892,343,97,63
889,334,105,67
837,344,97,63
856,354,86,55
841,346,95,61
846,346,95,61
916,343,97,63
936,342,100,64
963,343,97,63
959,340,102,66
966,359,78,50
1010,340,97,63
989,344,97,63
1027,347,95,61
1049,341,100,64
1064,351,88,57
984,342,97,63
1001,343,97,63
990,344,97,63
983,341,100,64
982,341,100,64
980,344,95,61
983,346,95,61
964,340,100,64
963,346,93,60
972,341,100,64
968,339,102,66
968,340,100,64
1044,341,97,63
1044,340,100,64
1064,351,86,55
1054,342,100,64
999,344,97,63
987,349,90,58
935,350,90,58
917,340,100,64
906,342,97,63
894,345,95,61
924,347,93,60
941,348,93,60
943,344,97,63
987,346,93,60
986,341,100,64
892,357,82,53
882,348,93,60
927,352,88,57
939,350,86,55
974,355,82,53
935,355,82,53
958,344,95,61
934,343,97,63
962,343,97,63
979,352,86,55
1042,339,100,64
1080,345,95,61
1066,345,95,61
1075,351,88,57
935,343,97,63
930,345,95,61
938,344,97,63
941,352,86,55
833,356,82,53
823,344,95,61
818,343,95,61
813,355,84,54
813,355,84,54
813,355,84,54
819,356,84,54
837,350,90,58
855,358,82,53
844,352,88,57
830,348,93,60
847,354,86,55
846,353,86,55
876,352,88,57
867,346,97,63
867,346,97,63
800,360,82,53
815,364,76,49
808,352,88,57
799,347,95,61
814,344,97,63
825,348,93,60
935,336,102,66
943,346,93,60
925,346,95,61
941,347,93,60
925,354,86,55
864,347,93,60
865,347,93,60
978,347,93,60
974,344,95,61
997,346,93,60
999,344,97,63
975,345,95,61
955,346,95,61
935,345,95,61
970,350,86,55
935,340,100,64
945,344,95,61
925,340,100,64
923,355,82,53
875,344,95,61
856,346,95,61
883,350,90,58
884,348,93,60
899,340,100,64
901,346,95,61
899,336,105,67
961,349,90,58
963,345,95,61
960,343,97,63
952,345,93,60
983,350,86,55
959,346,95,61
968,354,82,53
973,345,95,61
1028,360,76,49
981,349,88,57
961,347,93,60
960,335,107,69
981,343,97,63
999,348,93,60
982,344,95,61
998,355,84,54
964,353,84,54
942,346,90,58
977,355,82,53
992,341,97,63
960,342,97,63
950,340,100,64
908,339,100,64
903,351,84,54
921,360,74,48
954,343,97,63
983,346,93,60
966,357,82,53
931,354,84,54
913,359,78,50
915,355,84,54
1010,357,93,60
1029,349,90,58
1046,345,93,60
1067,354,82,53
1052,343,95,61
1052,343,95,61
1048,349,90,58
1033,346,95,61
1093,345,95,61
1097,349,86,55
1055,350,88,57
1058,355,84,54
1023,341,100,64
1029,346,97,63
1025,346,95,61
1027,345,95,61
1025,348,93,60
1034,346,95,61
1035,346,95,61
1038,349,93,60
1035,346,95,61
1031,344,97,63
1031,344,97,63
1031,344,97,63
1035,346,95,61
1035,346,95,61
1031,344,97,63
1031,344,97,63
1031,344,97,63
1035,346,95,61
1035,346,95,61
1035,346,95,61
1035,346,95,61
1031,344,97,63
1031,344,97,63
1031,344,97,63
1017,345,88,57
984,343,97,63
985,347,93,60
968,348,88,57
959,345,93,60
934,344,95,61
965,341,100,64
924,343,97,63
917,344,95,61
916,339,102,66
914,348,93,60
931,346,95,61
927,342,97,63
957,343,95,61
982,346,95,61
971,345,95,61
908,350,86,55
897,352,86,55
895,343,97,63
955,339,100,64
962,344,95,61
954,347,93,60
946,343,97,63
949,343,95,61
960,352,86,55
956,352,86,55
924,345,95,61
882,353,84,54
816,348,93,60
817,347,93,60
877,344,97,63
864,361,80,51
820,346,95,61
870,354,82,53
881,350,90,58
879,356,80,51
861,345,95,61
853,347,93,60
880,357,84,54
886,350,88,57
923,345,95,61
854,352,86,55
862,349,88,57
894,352,84,54
866,345,95,61
871,350,90,58
862,346,95,61
839,345,95,61
838,344,97,63
828,355,82,53
828,348,93,60
834,346,95,61
842,360,80,51
837,348,93,60
843,356,82,53
871,342,100,64
871,342,100,64
898,359,78,50
942,339,100,64
871,350,86,55
928,352,86,55
898,341,95,61
892,347,93,60
883,352,84,54
809,353,84,54
776,348,93,60
811,348,93,60
809,354,84,54
799,348,90,58
795,343,97,63
801,345,95,61
801,345,95,61
801,345,95,61
802,345,95,61
798,343,97,63
802,345,95,61
802,345,95,61
802,345,95,61
802,345,95,61
802,345,95,61
802,345,95,61
802,345,95,61
802,345,95,61
802,345,95,61
803,345,95,61
799,343,97,63
802,345,95,61
802,345,95,61
798,343,97,63
802,345,95,61
863,348,88,57
833,345,95,61
863,342,97,63
887,353,84,54
899,343,97,63
906,352,86,55
890,339,102,66
931,355,82,53
906,344,95,61
873,349,90,58
918,347,93,60
929,347,93,60
951,347,90,58
954,340,100,64
923,342,97,63
935,345,95,61
931,354,82,53
904,343,95,61
891,347,88,57
911,345,95,61
906,350,86,55
949,344,95,61
977,342,97,66
975,341,100,64
984,345,95,61
982,346,93,60
1003,344,97,63
1028,354,84,54
981,341,100,64
1030,347,90,58
1025,354,82,53
952,346,93,60
1008,343,97,63
1028,349,88,57
1009,346,93,60
1059,341,97,63
1093,347,93,60
1093,347,93,60
1056,344,95,61
1015,350,84,54
998,346,93,60
981,344,95,61
954,340,100,64
954,340,100,64
972,343,97,63
1039,346,93,60
1005,345,93,60
997,346,93,60
979,341,100,64
937,340,100,64
941,349,90,58
939,339,100,64
1002,344,93,60
1016,347,93,60
1009,345,95,61
1059,346,93,60
1068,342,97,63
1076,345,90,58
1088,343,95,61
1153,345,93,60
1105,345,93,60
1130,356,82,53
1075,349,90,58
1065,355,82,53
1091,351,86,55
1097,350,90,58
1094,349,90,58
1094,349,90,58
1046,346,93,60
1019,346,90,58
898,342,95,61
905,343,95,61
895,346,90,58
881,348,93,60
882,348,93,60
902,342,97,63
897,340,100,64
915,344,95,61
908,340,100,64
930,349,90,58
909,340,100,64
940,351,86,55
929,343,97,63
940,345,95,61
921,347,86,55
909,350,90,58
942,342,100,64
1028,363,80,51
1073,353,84,54
1111,353,82,53
1124,336,86,68
1077,346,93,60
1089,354,84,54
1083,346,93,60
1068,347,93,60
1049,347,93,60
970,343,95,61
965,340,100,64
966,342,97,63
963,346,95,61
959,349,90,58
965,347,90,58
947,347,93,60
953,345,93,60
957,346,93,60
942,340,95,61
964,347,93,60
991,346,95,61
988,335,107,69
1027,345,93,60
998,343,97,63
1026,345,95,61
998,351,86,55
984,344,95,61
1062,346,93,60
1062,346,93,60
1026,343,95,61
1042,347,90,58
994,340,100,64
957,346,95,61
983,346,95,61
994,345,97,63
1010,341,100,64
1022,340,100,64
964,348,93,60
919,339,100,64
926,345,95,61
934,338,105,67
1008,340,100,64
1006,341,100,64
967,339,102,66
1046,347,93,60
1071,330,110,70
1100,343,95,61
1040,346,93,60
1043,339,100,64
1043,340,102,66
1027,345,95,61
1024,339,100,64
1029,331,110,70
1173,355,84,54
1107,344,95,61
1082,340,100,64
1078,343,97,63
1041,339,102,66
1068,350,88,57
1090,360,78,50
1032,350,90,58
994,339,102,66
991,341,100,64
987,341,100,64
995,344,95,61
995,344,95,61
1068,340,100,64
1058,340,100,64
1058,340,100,64
1020,340,100,64
986,346,93,60
950,343,95,61
936,341,98,65
855,335,92,72
859,348,93,60
852,340,100,64
866,343,99,63
872,342,97,63
877,345,95,61
866,346,95,61
884,346,95,61
882,344,97,63
886,346,95,61
926,347,93,60
961,342,97,63
968,339,100,64
978,346,93,60
976,341,100,64
983,345,95,61
958,342,97,63
926,332,110,70
986,347,93,60
976,340,100,64
985,337,105,68
994,343,99,63
972,345,95,61
975,339,100,64
963,335,105,67
945,340,97,63
923,330,110,70
928,343,106,60
965,349,86,55
969,334,107,69
982,342,111,70
972,345,106,63
977,353,84,54
935,343,97,63
938,349,90,58
955,343,97,63
946,340,100,64
967,343,87,66
950,346,95,61
1042,342,96,61
1064,343,98,62
1094,347,81,54
1100,345,86,60
1055,345,93,60
1060,347,93,60
1053,346,95,61
1059,345,108,60
1056,345,95,61
1012,346,95,61
1006,339,111,63
1010,343,93,56
987,347,93,60
996,345,95,61
981,346,95,61
985,347,95,61
1010,344,95,61
1018,341,100,64
1001,344,95,61
972,340,100,64
962,345,95,61
961,334,107,69
942,344,93,60
932,350,90,58
931,346,95,61
939,349,88,57
961,349,88,57
982,348,88,57
980,345,95,61
968,340,100,64
983,339,100,64
951,340,100,64
933,344,93,60
919,345,95,61
921,352,88,57
916,339,102,66
937,346,95,61
968,344,95,61
993,343,95,61
1023,352,84,54
997,346,95,61
1043,339,100,64
1052,339,100,64
1001,340,100,64
994,341,100,64
931,342,97,63
986,344,97,63
1047,342,97,63
997,351,88,57
1004,356,82,53
978,340,100,64
984,338,100,64
984,338,100,64
1027,345,93,60
1098,364,84,54
1065,341,87,60
1077,343,72,60
1072,342,111,62
1119,329,98,76
1099,335,103,69
995,338,102,66
940,340,100,64
915,343,97,63
936,343,95,61
964,341,100,64
961,339,102,66
1025,346,88,57
984,344,95,61
992,342,97,63
969,343,97,63
984,339,100,64
971,339,100,64
945,343,95,61
929,344,95,61
944,340,100,64
1087,343,93,60
1080,341,97,63
1083,340,100,64
1130,349,88,57
1195,355,80,51
1158,344,93,60
1174,349,88,57
1177,352,86,55
1168,354,84,54
1153,351,86,56
1150,339,84,65
1138,336,91,60
1124,339,93,71
1099,338,98,66
1057,333,104,71
1035,342,99,63
1028,339,91,58
1128,343,93,64
1101,340,108,63
1072,342,93,63
1079,340,80,52
1089,335,96,72
1122,335,104,71
1027,334,97,74
1008,336,108,69
999,341,98,62
999,342,97,62
984,340,99,63
995,346,98,62
968,339,100,64
973,347,90,58
918,336,105,67
938,341,81,69
895,340,85,66
882,338,106,69
936,339,105,62
957,342,99,64
981,334,108,69
1002,343,96,60
967,337,103,65
965,346,97,62
1001,337,105,66
1004,342,98,62
1010,343,96,60
1008,343,96,61
975,345,98,62
1049,340,114,63
1053,342,86,63
1031,342,97,63
999,336,88,58
973,349,86,55
1010,344,95,61
1013,346,93,60
1030,344,95,61
952,339,100,64
952,339,100,64
934,344,97,63
1008,345,95,61
1038,339,88,68
997,340,100,64
1030,348,90,58
1029,346,93,60
976,341,100,64
974,343,105,63
967,340,98,62
949,337,98,68
938,336,105,69
969,331,84,75
979,345,98,62
1009,345,96,60
975,341,88,65
963,333,91,74
968,336,93,72
1018,336,84,73
1007,335,92,73
1030,337,111,68
1058,337,108,66
1056,337,103,66
1057,339,108,66
1045,346,105,60
1081,342,98,62
1057,340,99,63
1035,339,102,65
1042,336,105,68
1034,342,98,62
1004,341,100,64
986,346,90,58
989,347,88,57
987,336,106,69
900,341,116,62
915,343,84,60
943,343,96,60
994,338,108,70
999,345,98,62
1006,346,88,57
986,342,98,62
956,339,93,63
924,337,92,66
898,340,96,61
923,342,116,60
968,342,91,57
964,342,98,62
964,342,98,62
993,343,98,62
998,336,111,71
1015,341,99,63
995,342,98,62
994,340,100,64
1011,347,93,60
1034,342,98,62
1036,343,100,64
1039,340,100,63
1027,343,99,64
1066,345,102,63
1078,336,86,71
1025,339,121,64
995,341,100,64
1021,340,100,64
1080,340,88,60
990,339,102,66
997,341,100,64
1027,341,100,64
1029,344,95,61
996,343,97,63
969,343,97,63
967,343,97,63
989,344,97,63
1000,345,93,60
1009,343,97,63
1001,340,100,64
982,343,97,63
985,339,100,64
996,344,97,63
1002,340,100,64
992,340,100,64
928,345,95,61
938,343,97,63
938,342,97,63
950,353,84,54
930,345,95,61
944,347,93,60
988,340,100,64
1012,352,88,57
1034,349,90,58
1013,360,78,50
996,349,90,58
999,350,88,57
1086,335,86,72
1056,338,87,68
1060,334,75,71
975,343,96,61
976,341,84,55
951,347,86,56
989,346,93,60
961,339,100,64
957,347,93,60
957,346,93,60
963,356,82,53
920,340,100,64
945,343,97,63
954,343,97,63
958,340,100,64
978,342,88,57
937,343,88,57
936,348,88,57
941,343,92,64
976,339,81,68
949,342,98,62
943,340,99,63
1000,341,96,61
1093,341,99,64
1173,343,86,64
1164,342,105,62
1152,343,100,54
1127,342,85,64
1068,346,87,60
1066,338,81,69
1065,342,105,63
1068,349,90,58
1069,349,90,58
1021,347,97,63
946,347,95,61
948,343,97,63
940,348,88,57
927,343,95,61
924,341,100,64
985,344,95,61
1000,353,86,55
1000,353,86,55
1008,340,99,63
1032,341,98,65
1042,348,93,60
1031,339,99,63
1008,343,109,59
1017,343,93,55
1017,348,93,60
1043,342,97,63
1067,339,102,68
1065,335,91,71
1028,335,96,72
997,336,104,70
998,333,105,73
936,337,97,66
1037,344,95,61
968,343,97,63
1022,349,86,55
1026,339,97,63
982,341,100,64
942,354,82,53
933,346,93,60
927,342,97,63
906,356,84,54
926,343,97,63
926,343,97,63
968,344,97,63
1021,356,84,54
992,347,90,58
963,341,100,64
972,350,88,57
930,343,97,63
947,341,102,66
1002,341,97,63
988,342,88,57
973,340,99,63
844,341,100,63
859,346,95,61
859,346,95,61
885,339,99,63
902,340,96,61
898,339,99,63
906,343,98,62
941,339,104,71
1004,340,98,62
1040,341,98,62
1030,340,99,64
1094,340,98,62
1212,346,82,52
1186,342,88,62
1218,336,93,71
1271,343,90,61
1229,342,97,65
1206,339,92,65
1171,339,93,59
1149,338,98,62
1062,345,97,62
1060,339,109,62
1047,343,103,65
1053,342,96,61
1053,343,99,64
1005,342,99,64
1040,348,96,60
1075,340,98,62
1101,343,96,60
1085,345,99,63
1134,346,93,60
1078,337,102,66
1103,348,88,57
1087,360,78,50
1087,360,78,50
964,346,93,60
959,341,97,63
1012,342,97,63
934,340,93,60
910,344,90,58
918,348,86,55
919,344,86,56
923,347,80,50
912,345,93,60
976,343,98,62
1020,339,98,62
1039,350,88,57
1005,344,95,61
991,340,100,64
956,340,100,64
1016,345,95,61
1023,341,98,62
1054,351,87,57
985,351,84,54
941,340,100,64
957,349,86,55
921,343,97,63
929,343,95,61
959,344,97,63
991,351,86,55
998,355,82,53
1004,361,76,49
966,341,100,64
986,339,102,66
973,346,90,58
921,340,97,63
902,339,100,64
901,341,100,64
924,341,100,64
977,344,97,63
984,341,100,64
978,341,100,64
987,342,97,63
980,342,97,63
984,335,107,69
1017,350,88,57
1011,343,97,63
990,350,86,55
989,342,97,63
993,340,100,64
989,349,88,57
982,346,93,60
970,341,97,63
939,348,93,60
925,351,86,55
910,360,76,49
910,360,76,49
881,353,86,55
911,343,97,63
926,348,88,57
960,348,88,57
960,344,95,61
952,349,88,57
939,344,97,63
1005,343,97,63
1023,355,80,51
956,340,100,64
966,341,100,64
984,343,97,63
988,341,100,64
986,341,97,63
996,347,93,60
962,340,100,64
945,346,90,58
945,346,90,58
959,357,82,53
930,343,97,63
942,348,88,57
917,339,100,64
918,339,100,64
883,340,100,64
885,342,97,63
888,345,95,61
899,350,88,57
948,340,100,64
956,343,97,63
919,342,97,63
922,348,88,57
913,341,97,63
946,339,102,66
970,343,97,63
974,339,100,64
1059,343,97,63
1022,347,88,57
1025,340,100,64
1040,342,97,63
1002,343,95,61
1002,343,95,61
1000,344,97,63
957,344,97,63
994,336,105,67
990,343,90,58
1010,339,100,64
1004,346,93,60
984,341,100,64
982,344,95,61
981,342,95,61
902,352,88,57
933,353,84,54
937,343,97,63
991,340,100,64
1012,346,88,57
997,339,100,64
935,341,97,63
930,340,100,64
935,342,97,63
1019,353,84,54
1006,344,97,63
989,343,97,63
974,340,100,64
945,340,100,64
920,340,100,64
931,336,105,67
948,339,102,66
984,340,100,64
1023,341,100,64
1044,340,100,64
1031,345,95,61
1005,341,100,64
1008,339,102,66
1051,349,88,57
1003,344,95,61
1012,350,86,55
998,343,93,60
1010,343,97,63
1025,344,95,61
998,340,100,64
1023,353,88,57
1047,338,100,64
999,339,102,66
984,347,90,58
952,340,100,64
956,343,97,63
978,344,95,61
961,342,97,63
992,349,90,58
930,342,97,63
921,339,100,64
932,339,100,64
899,342,99,63
977,349,86,55
1014,340,100,64
1007,344,97,63
928,341,100,64
930,343,97,63
948,348,90,58
966,343,97,63
968,347,93,60
941,338,100,64
995,340,100,64
1037,356,84,54
1027,347,90,58
1051,351,88,57
979,348,88,57
916,344,97,63
927,339,100,64
934,344,95,61
973,355,82,53
941,340,100,64
926,343,97,63
917,344,95,61
924,343,97,63
943,342,95,61
958,339,102,66
986,347,90,58
1000,340,97,63
991,346,93,60
955,343,97,63
945,348,86,55
922,346,93,60
930,348,88,57
948,343,97,63
1026,347,90,58
1013,342,97,63
991,345,93,60
981,343,97,63
1015,332,110,70
1042,340,100,64
1006,347,93,60
998,345,95,61
1003,346,95,61
1059,341,95,61
1017,348,86,55
1026,341,97,63
1043,340,100,64
1043,340,100,64
1035,350,93,60
1053,340,97,63
1053,342,97,63
1024,357,82,53
1037,347,95,61
961,350,88,57
972,339,102,66
998,342,97,63
1040,345,95,61
1063,358,82,53
1030,340,100,64
1022,335,102,66
1042,347,93,60
1057,345,95,61
1104,345,90,58
1012,340,100,64
1046,344,97,63
1072,334,102,66
1082,339,97,63
1083,343,95,61
1041,346,95,61
1090,341,97,63
1089,342,95,61
1094,347,88,57
1072,339,100,64
1038,346,95,61
1046,346,95,61
1073,354,82,53
1081,337,91,68
1089,335,108,69
1069,339,105,64
1060,340,98,65
1031,342,97,63
1008,339,118,64
988,342,88,57
972,343,96,61
962,348,90,58
962,348,90,58
853,346,93,60
863,348,93,60
895,344,95,61
879,339,100,64
1114,340,91,68
1110,343,95,61
1131,335,93,71
1092,335,87,65
1130,335,100,71
1114,335,99,71
1096,338,102,66
1066,339,93,63
1022,340,100,63
1022,341,100,63
1051,341,94,60
1099,340,86,66
1093,342,90,63
1063,349,88,57
1064,341,98,62
1077,350,84,54
1093,336,98,70
1090,339,104,66
1158,341,87,65
1144,339,106,65
1177,339,87,57
1177,339,87,69
1178,341,98,63
1142,334,104,71
1119,337,87,69
1075,338,100,64
1022,339,103,65
1026,340,100,64
1056,341,100,64
1054,337,111,68
1039,339,99,63
1035,339,100,64
989,342,95,61
1054,343,98,62
1060,344,93,60
1003,343,96,60
1013,340,94,61
1022,342,91,58
994,347,86,62
979,342,93,60
978,341,98,63
976,342,98,62
960,342,94,61
906,341,93,60
918,335,85,72
950,340,96,60
942,341,98,62
937,342,99,64
945,341,100,63
954,341,102,65
922,343,106,59
992,340,99,64
997,343,98,62
1045,343,98,62
1152,335,92,71
1163,332,91,74
1103,336,94,69
1065,339,111,65
976,342,98,62
940,337,86,70
925,341,98,59
892,340,98,63
909,342,98,62
880,346,93,60
881,343,95,61
877,348,93,60
854,343,98,62
853,344,97,63
917,341,105,68
938,339,105,63
920,347,91,59
905,342,75,71
919,349,90,58
912,340,103,65
924,339,99,63
963,345,95,61
980,345,98,62
942,343,99,64
932,340,103,65
985,339,92,62
1024,345,95,61
1068,346,95,61
1030,343,97,63
1025,340,100,64
1025,340,100,64
1065,343,97,63
1136,358,80,51
1108,345,93,60
1087,345,95,61
1050,341,100,64
1058,341,95,61
1032,346,95,61
989,345,81,52
993,340,96,61
1010,343,108,60
1010,342,98,63
1080,347,93,60
1124,351,82,53
1127,346,93,60
1102,349,88,57
975,348,88,57
933,342,97,63
999,346,95,61
1044,353,84,54
1045,342,97,63
1020,347,93,60
1021,348,86,55
1002,343,95,61
1014,348,86,55
1014,348,86,55
986,355,84,54
950,340,100,64
931,343,97,63
947,342,100,64
985,344,97,63
992,340,102,66
1004,346,95,61
999,345,95,61
1038,346,94,61
1029,347,82,61
1028,347,81,61
1033,348,93,60
1071,349,86,55
1056,340,100,63
1042,344,95,61
1051,341,97,63
1065,346,93,60
1061,346,93,60
1004,346,95,61
976,348,88,57
986,346,95,61
998,341,97,63
1060,343,95,61
1113,346,93,60
1147,347,93,60
1122,343,88,57
1120,346,90,58
1075,346,93,60
1045,344,97,63
1041,345,95,61
1059,346,93,60
975,346,93,60
924,339,100,64
937,346,93,60
928,342,97,63
932,343,97,63
932,343,97,63
971,351,84,54
992,353,84,54
961,346,90,58
937,345,90,58
905,352,84,54
904,339,93,66
871,351,86,55
863,354,84,54
915,343,97,63
938,343,95,61
1008,336,99,64
1007,339,102,66
994,347,93,60
1003,345,95,61
997,340,100,64
1008,338,100,63
984,346,96,60
992,337,98,62
1003,342,99,64
1072,345,99,63
1069,341,87,65
1043,338,102,65
1025,342,97,63
1033,345,94,60
1057,342,98,62
1069,341,92,61
977,341,109,63
957,337,106,69
951,343,105,62
961,339,102,66
968,341,97,63
952,343,97,63
940,342,100,64
962,343,97,63
980,344,97,63
1021,353,84,54
1044,345,95,61
1026,346,95,61
1026,346,95,61
1018,344,97,63
1022,346,93,60
1041,346,95,61
1043,346,95,61
1036,343,97,63
1010,342,97,63
1020,340,100,64
1028,342,95,61
1065,342,97,63
1036,342,97,63
1036,342,97,63
1037,340,100,64
938,340,100,64
945,352,84,54
959,343,97,63
958,350,86,55
958,343,97,63
959,342,97,63
981,340,100,64
983,343,97,63
958,344,95,61
960,345,88,57
935,344,95,61
918,339,100,64
888,345,95,61
893,342,97,63
930,346,95,61
955,334,105,67
1046,342,95,61
1074,350,84,54
1073,355,84,54
1105,355,80,51
1089,354,84,54
1058,343,95,61
972,346,93,60
974,339,100,64
1006,346,95,61
1030,355,80,51
1008,346,93,60
995,344,95,61
968,343,97,63
960,342,97,63
984,343,95,61
992,340,100,64
1001,342,97,63
1027,341,97,63
1041,347,90,58
1002,344,97,63
975,342,100,64
982,344,97,63
1010,344,95,61
1024,344,95,61
1025,344,95,61
1037,343,97,63
1072,342,95,61
1086,342,97,63
1089,350,86,55
1018,353,86,55
980,342,97,63
951,344,97,63
961,344,97,63
1002,342,97,63
1014,344,97,63
1027,346,95,61
1049,355,82,53
1049,357,78,50
979,346,93,60
936,354,78,50
906,350,90,58
907,344,95,61
907,344,95,61
956,341,97,63
962,340,97,63
998,344,95,61
998,356,82,53
972,351,86,55
951,342,97,63
975,340,100,64
1037,342,97,63
981,342,97,63
976,341,97,63
952,342,95,61
988,343,97,63
984,341,100,64
958,343,97,63
960,348,90,58
953,343,97,63
955,347,93,60
947,341,97,63
963,349,88,57
975,335,107,69
1061,346,93,60
1075,345,95,61
1067,347,93,60
1070,348,93,60
1037,347,93,60
982,357,84,54
991,349,90,58
977,343,95,61
1054,344,95,61
1028,344,93,60
1027,343,95,61
1052,352,84,54
1033,345,93,60
929,354,82,53
886,349,90,58
878,346,95,61
861,354,84,54
894,348,93,60
897,350,90,58
869,343,97,63
866,340,100,64
898,349,86,55
909,348,88,57
976,347,88,57
949,339,102,66
954,348,88,57
929,342,97,63
910,343,97,63
935,344,97,63
935,344,97,63
1004,340,100,64
989,346,93,60
999,352,86,55
980,344,93,60
954,343,95,61
1012,341,100,64
1107,353,86,55
1140,356,76,49
1115,362,72,46
1090,352,84,54
1039,345,95,61
1019,347,93,60
1174,349,88,57
1111,349,90,58
1109,344,95,61
1050,340,100,64
1056,341,100,64
1051,345,95,61
1057,342,97,63
1090,340,97,63
1101,341,97,63
1095,346,93,60
1061,347,93,60
1047,342,97,63
1090,352,84,54
1041,346,93,60
992,342,97,63
983,342,95,61
1027,340,100,64
1047,351,88,57
1045,339,100,64
1080,346,93,60
1054,345,95,61
1078,352,86,55
1069,344,95,61
1026,344,97,63
1026,344,93,60
1028,347,93,60
1044,356,76,49
1010,350,88,57
985,343,97,63
982,343,95,61
982,343,95,61
971,355,84,54
976,347,90,58
979,340,100,64
1024,341,97,63
1044,342,97,63
1034,342,95,61
980,348,90,58
986,354,82,53
906,346,95,61
926,342,97,63
968,343,97,63
947,342,97,63
958,342,97,63
1003,344,93,60
1033,346,93,60
1034,355,86,55
1048,363,78,50
1029,348,90,58
994,346,95,61
999,358,82,53
968,345,95,61
989,345,93,60
1032,348,88,57
994,347,88,57
964,343,97,63
960,341,100,64
953,345,95,61
1012,342,97,63
1026,352,84,54
987,347,93,60
1004,343,97,63
1023,352,86,55
1049,339,97,63
1049,339,97,63
1072,350,84,54
1038,345,93,60
1030,343,95,61
1063,342,97,63
1064,344,95,61
1001,347,93,60
969,343,95,61
963,344,97,63
1040,350,88,57
1087,344,88,57
1124,359,78,50
1075,352,86,55
1075,352,86,55
1094,352,86,55
1065,346,93,60
1082,340,95,61
1102,349,84,54
1116,352,84,54
1087,345,93,60
1087,345,93,60
1088,350,88,57
1101,360,78,50
1060,349,90,58
986,345,95,61
976,352,86,55
980,343,97,63
947,344,93,60
1008,352,84,54
988,342,97,63
1041,352,86,55
1035,349,90,58
995,341,100,64
1017,345,95,61
1007,343,97,63
978,358,82,53
985,346,95,61
936,342,97,63
972,345,95,61
944,342,97,63
950,343,97,63
980,342,97,63
980,342,97,63
975,342,95,61
949,340,100,64
961,345,95,61
984,348,88,57
976,345,95,61
942,344,95,61
983,339,102,66
1003,342,97,63
1033,343,97,63
1069,347,93,60
972,347,90,58
949,346,90,58
947,343,97,63
951,342,97,63
996,339,100,64
982,345,95,61
954,342,97,63
969,342,95,61
1000,345,95,61
1008,357,82,53
995,351,88,57
968,343,97,63
972,343,97,63
1000,342,97,63
994,344,95,61
948,345,88,57
939,343,97,63
970,347,93,60
1050,347,93,60
1046,346,93,60
1026,345,95,61
1035,342,97,63
1013,341,97,63
1041,366,76,49
1079,352,88,57
1068,345,95,61
1075,353,78,61
1071,346,93,60
1060,346,93,60
1058,340,100,64
1064,346,93,60
1032,347,90,58
974,339,100,64
986,345,93,60
889,343,95,61
895,345,95,61
894,340,100,64
937,355,80,51
925,343,97,63
927,342,97,63
931,345,95,61
966,345,95,61
947,343,95,61
961,344,97,63
959,344,97,63
1023,346,88,57
1000,345,93,60
966,343,97,63
1026,341,97,63
985,346,93,60
936,336,105,67
959,346,93,60
946,343,95,61
928,348,86,55
952,349,88,57
1031,347,93,60
1066,346,93,60
1112,345,93,60
1118,347,90,58
1114,345,93,60
1112,347,90,58
1069,346,93,60
1018,339,97,63
1034,346,88,57
1069,357,78,50
1021,346,90,58
1011,346,93,60
1028,345,95,61
999,341,100,64
1009,343,97,63
1057,345,95,61
1051,344,95,61
1050,346,93,60
1074,347,93,60
1029,346,95,61
1039,345,95,61
1035,349,88,57
1035,349,88,57
961,341,100,64
958,345,97,63
990,344,95,61
986,350,88,57
987,345,95,61
1009,357,82,53
1013,348,88,57
1001,344,95,61
988,347,93,60
985,344,95,61
961,343,97,63
977,352,86,55
1013,365,78,50
1080,355,82,53
1056,356,82,53
1031,336,97,74
1018,344,95,61
1018,344,95,61
984,355,82,53
929,342,97,63
951,342,97,63
955,344,95,61
924,347,93,60
898,346,95,61
890,342,97,63
899,344,95,61
960,344,95,61
948,346,95,61
952,341,97,63
974,348,82,53
968,342,100,64
986,344,97,63
933,344,97,63
879,344,95,61
882,356,82,53
873,347,93,60
922,344,97,63
890,351,90,58
899,344,95,61
890,340,100,64
929,343,97,63
940,340,100,64
960,343,97,63
1017,348,86,55
1010,343,97,63
1030,345,93,60
1025,352,84,54
964,344,95,61
897,342,95,61
899,343,95,61
879,343,97,63
873,348,93,60
848,342,97,63
835,347,93,60
808,346,95,61
831,356,82,53
851,352,88,57
796,352,88,57
813,347,93,60
825,346,95,61
869,344,97,63
872,346,95,61
904,343,97,63
991,347,93,60
995,344,95,61
1075,342,95,61
1049,344,88,57
1009,345,95,61
1061,353,86,55
1085,351,84,54
1067,346,95,61
1061,348,93,60
1061,348,93,60
1016,346,95,61
1027,349,90,58
1019,354,82,53
979,339,100,64
1002,344,97,63
1068,346,93,60
1109,346,93,60
1098,345,93,60
1106,352,86,55
1055,352,86,55
1052,346,93,60
1016,344,95,61
986,331,79,87
978,351,88,57
969,353,84,54
953,346,93,60
972,344,97,63
972,344,97,63
974,354,84,54
965,347,93,60
962,344,95,61
1031,345,95,61
955,341,100,64
949,343,95,61
939,348,88,57
974,340,97,63
989,357,76,49
960,342,97,63
975,341,100,64
997,341,100,64
942,349,88,57
896,351,88,57
956,340,116,62
981,349,86,55
974,345,90,58
926,349,88,57
924,344,97,63
916,345,95,61
919,352,90,58
940,343,97,63
986,346,95,61
939,341,100,64
961,342,97,63
952,342,97,63
945,347,88,57
881,347,90,58
898,356,82,53
919,349,88,57
894,346,93,60
884,346,95,61
907,351,90,58
1006,341,97,63
1109,346,93,60
1144,358,82,53
1158,334,90,76
1048,340,100,64
1033,343,97,63
999,345,93,60
1038,336,86,70
1002,344,95,61
1002,344,95,61
1002,344,95,61
1030,341,112,61
1089,348,79,59
1045,346,90,58
973,342,97,63
989,346,93,60
974,354,82,53
915,356,82,53
918,355,80,51
936,340,100,64
911,345,95,61
980,343,97,63
1001,347,90,58
973,341,97,63
1033,346,95,61
1027,348,93,60
991,340,100,64
1014,343,97,63
1006,344,95,61
957,340,102,66
940,342,97,63
951,340,100,64
961,344,95,61
993,344,97,63
1001,342,97,63
1005,353,86,55
950,344,95,61
964,336,85,70
957,339,100,64
949,342,97,63
953,340,111,66
990,340,122,60
1029,340,112,61
957,342,97,63
984,346,95,61
1006,346,95,61
1065,349,90,58
1064,348,93,60
1072,346,93,60
1106,346,93,60
1140,349,86,55
1169,351,84,54
1175,340,90,66
1118,340,115,71
1108,345,111,68
1100,342,112,69
1111,336,96,74
1093,339,94,68
1070,339,96,68
1066,335,99,72
1061,347,93,60
1054,341,97,63
1057,349,88,57
1010,344,97,63
1004,346,93,60
989,347,90,58
999,345,95,61
1035,345,95,61
1034,341,100,64
1040,344,97,63
1064,346,93,60
1075,349,90,58
1055,343,95,61
1025,353,84,54
987,343,95,61
982,349,88,57
1008,344,97,63
998,344,97,63
1001,350,88,57
1020,363,76,49
1067,356,78,50
1077,359,74,48
1044,346,93,60
1018,354,90,58
1001,345,95,61
1001,345,95,61
983,345,95,61
955,344,95,61
953,342,95,61
1045,343,95,61
1045,343,95,61
947,342,97,63
934,348,90,58
899,357,82,53
916,343,93,60
908,343,97,63
1019,346,93,60
1021,335,94,73
1018,348,93,60
1041,343,97,63
1005,348,90,58
994,345,95,61
996,344,95,61
985,347,90,58
989,346,95,61
989,346,95,61
984,347,90,58
973,354,84,54
897,353,86,55
900,348,93,60
935,352,84,54
982,346,90,58
953,345,95,61
972,345,95,61
938,340,100,64
924,341,97,63
984,347,95,61
1014,343,97,63
982,346,90,58
1017,341,95,61
1032,347,88,57
1017,348,90,58
1017,355,82,53
1057,348,93,60
1057,346,90,58
1039,350,88,57
1012,350,86,55
895,355,84,54
880,349,90,58
946,343,97,63
960,342,97,63
935,341,100,64
952,339,102,66
1150,356,82,53
1078,354,84,54
1073,360,74,48
1035,342,97,63
1039,347,93,60
1034,343,97,63
1013,347,90,58
1013,347,90,58
981,346,93,60
993,346,93,60
1015,344,93,60
980,346,95,61
1019,346,95,61
1016,348,90,58
1091,354,82,53
1119,354,82,53
1119,354,82,53
1042,341,100,64
1072,351,88,57
1017,349,90,58
1011,347,90,58
998,350,86,55
1005,346,93,60
996,343,97,63
996,343,97,63
952,344,95,61
958,351,88,57
987,350,90,58
956,346,90,58
941,342,97,63
925,343,95,61
888,342,97,63
905,351,88,57
843,346,95,61
847,348,93,60
924,347,90,58
928,344,97,63
979,342,95,61
1059,344,93,60
1067,347,88,57
1045,352,86,55
1045,352,86,55
993,350,88,57
1007,346,95,61
1006,345,95,61
1010,345,95,61
999,345,90,58
991,343,97,63
997,349,88,57
986,351,86,55
995,342,97,63
1062,345,95,61
1072,345,95,61
1069,343,95,61
970,344,97,63
1002,347,93,60
1015,349,90,58
1110,348,90,58
957,343,97,63
968,349,90,58
964,359,76,49
958,341,100,64
1004,347,90,58
1004,347,90,58
995,343,95,61
992,343,97,63
986,343,97,63
996,343,95,61
965,348,88,57
1007,348,88,57
1030,346,93,60
1055,351,88,57
1077,342,79,65
1086,339,86,68
1039,346,93,60
1013,345,95,61
979,346,93,60
970,352,84,54
1000,349,88,57
997,342,97,63
1051,347,93,60
1012,342,97,63
1103,352,86,55
1124,348,90,58
1108,347,90,58
1108,347,90,58
1114,353,84,54
971,348,90,58
952,343,95,61
959,344,95,61
973,344,95,61
937,346,90,58
954,342,97,63
963,348,90,58
900,339,100,64
910,344,95,61
935,351,86,55
882,338,100,64
883,345,90,58
959,345,95,61
974,344,97,63
959,343,97,63
986,346,95,61
1085,348,90,58
1107,347,90,58
1107,347,90,58
1005,344,97,63
964,343,97,63
966,346,93,60
935,338,102,66
936,349,93,60
978,350,90,58
1016,355,84,54
1003,345,95,61
1006,345,95,61
978,344,95,61
1008,347,93,60
1015,342,97,63
1067,348,93,60
1098,346,93,60
1108,345,93,60
1098,346,93,60
1123,352,84,54
1122,351,86,55
1122,351,86,55
1076,354,84,54
1006,342,97,63
1029,345,93,60
1018,343,97,63
993,346,93,60
931,343,95,61
925,343,95,61
962,343,95,61
972,343,100,64
1044,346,93,60
1027,352,88,57
1033,345,95,61
1016,347,90,58
1033,354,82,53
955,345,95,61
954,341,97,63
961,346,93,60
969,344,97,63
1036,345,95,61
1037,355,84,54
1064,360,78,50
1119,355,78,50
1120,338,100,69
1099,348,90,58
1088,353,86,55
1081,353,86,55
1073,348,90,58
1073,348,90,58
1059,343,95,61
1090,346,90,58
1065,353,86,55
1048,345,93,60
1051,351,88,57
1039,348,93,60
1015,340,97,63
1028,334,100,64
1101,347,90,58
1106,348,90,58
1096,347,86,55
1106,344,93,60
1033,347,93,60
1089,337,85,71
1065,332,85,73
1025,343,95,61
1108,360,78,50
1059,348,90,58
1047,349,88,57
1029,345,93,60
1024,344,93,60
1058,352,84,54
1083,355,82,53
1079,353,84,54
974,345,95,61
974,344,95,61
951,344,97,63
976,351,88,57
1006,347,93,60
1006,343,95,61
1021,345,95,61
1062,348,90,58
1006,345,95,61
1009,350,84,54
1061,348,93,60
1028,347,90,58
1043,346,93,60
996,347,90,58
1014,344,95,61
944,343,97,63
958,346,90,58
943,351,84,54
895,339,93,70
860,343,86,66
868,343,93,65
897,347,93,60
931,342,97,63
955,344,97,63
975,339,82,64
973,343,95,61
1006,346,95,61
1099,347,90,58
1107,347,90,58
1106,345,90,58
1112,342,91,64
1067,339,97,69
1010,346,93,60
1002,343,97,63
1027,341,97,63
1025,347,93,60
1042,342,97,63
1007,348,90,58
1014,333,96,74
1017,349,90,58
1047,340,97,63
1151,332,97,76
1049,351,86,55
968,341,97,63
1015,349,88,57
998,345,93,60
998,345,93,60
992,346,93,60
990,345,95,61
971,345,95,61
1003,341,97,63
1086,353,86,55
1063,349,88,57
1077,355,82,53
1060,346,90,58
1053,358,82,53
1077,353,86,55
1040,347,93,60
1048,348,93,60
1050,345,95,61
1054,346,93,60
1044,345,95,61
1021,347,93,60
980,343,97,63
991,347,90,58
1015,342,95,61
1061,343,95,61
1061,343,95,61
1019,350,90,58
1006,345,95,61
1011,346,93,60
1080,333,82,74
1075,349,90,58
1049,347,93,60
1065,343,105,65
1107,355,82,53
1060,342,100,70
1056,340,95,61
1094,345,93,60
1102,350,88,57
1089,344,91,59
1016,349,86,55
981,342,98,60
974,342,97,63
1005,344,93,60
1011,341,114,64
1002,348,93,60
977,341,114,64
1030,346,95,61
1068,335,102,77
1156,337,90,70
1075,349,90,58
1082,342,95,61
1097,351,86,55
1070,349,90,58
972,345,93,60
911,343,97,63
918,347,93,60
881,353,88,57
906,348,86,55
911,352,84,54
965,347,93,60
1037,347,93,60
1037,347,93,60
1067,347,93,60
1137,359,76,49
1124,335,98,73
1114,354,82,53
1098,354,84,54
1130,336,91,73
1038,337,90,68
1027,341,97,63
1016,345,93,60
1000,347,90,58
959,352,88,57
959,352,88,57
931,347,93,60
907,352,86,55
918,350,86,55
913,343,97,63
920,347,93,60
965,339,95,61
1043,348,93,60
963,347,95,61
972,343,97,63
994,343,97,63
1019,348,93,60
1012,344,95,61
994,349,90,58
994,353,86,55
1005,346,95,61
994,348,93,60
958,349,86,55
985,346,95,61
990,346,95,61
1115,353,80,51
1042,342,95,61
1051,351,84,54
1069,348,93,60
1064,335,81,73
1037,351,88,57
1044,347,93,60
1119,357,78,50
1107,355,80,51
1020,343,95,61
1007,352,88,57
963,347,93,60
997,343,90,58
958,348,90,58
985,351,88,57
1019,344,95,61
953,343,97,63
1000,346,95,61
1020,346,93,60
1044,348,86,55
1075,353,86,55
1058,352,84,54
1016,356,82,53
1020,353,84,54
1013,339,100,64
979,345,95,61
953,339,90,66
961,355,82,53
1012,345,95,61
1041,352,88,57
1034,348,90,58
981,345,95,61
1010,346,90,58
1043,343,95,61
1054,352,84,54
991,347,90,58
1040,347,93,60
1056,349,90,58
994,340,100,64
1000,354,82,53
1009,354,82,53
972,353,82,53
954,344,95,61
1008,373,70,45
1037,356,82,53
1016,354,84,54
981,346,93,60
987,352,86,55
964,345,95,61
991,347,90,58
953,345,95,61
960,349,93,60
1022,346,93,60
1015,362,82,53
1036,342,95,61
999,349,90,58
987,342,97,63
988,344,130,59
1031,346,93,60
1074,339,85,64
1043,344,95,61
1001,346,93,60
1004,348,90,58
1009,352,88,57
1012,353,86,55
1046,349,93,60
1076,346,93,60
1164,355,80,51
1193,338,97,66
1165,336,105,72
1198,352,84,54
1108,350,86,55
1089,354,84,54
1088,353,84,54
1091,351,84,54
1046,346,93,60
1072,346,93,60
1175,362,68,44
1169,358,74,48
1149,337,93,69
1149,340,86,64
1167,357,82,53
1060,346,93,60
1072,335,98,73
1103,334,86,74
1098,340,85,65
1083,338,84,70
1128,338,78,66
1182,336,81,51
1179,338,84,65
1142,346,90,58
1146,353,84,54
1137,343,102,63
1134,347,88,57
1087,349,90,58
1075,344,90,55
1053,356,80,51
1053,356,80,51
1018,350,90,58
1000,345,95,61
994,334,86,74
991,339,86,68
965,338,109,68
920,342,97,63
970,345,90,58
990,348,90,58
1013,331,92,74
1087,339,87,70
1089,338,86,69
1102,338,92,68
1038,337,105,72
1041,342,88,64
1062,338,86,75
1076,340,85,68
1024,338,86,70
1006,332,100,74
990,344,93,60
967,350,88,57
962,349,88,57
966,351,86,55
1028,353,86,55
1003,349,88,57
918,345,95,61
975,352,86,55
935,348,90,58
948,343,95,61
948,343,95,61
996,360,78,50
1027,353,86,55
1054,352,82,53
1070,351,84,54
1098,355,80,51
1114,358,76,49
987,344,95,61
963,344,95,61
963,344,95,61
963,347,93,60
968,349,90,58
1007,346,93,60
965,342,97,63
955,348,86,55
1026,346,93,60
1124,354,82,53
1092,353,84,54
1120,348,88,57
1128,356,82,53
1010,352,86,55
1019,357,82,53
1025,361,78,50
1073,337,92,74
1085,341,98,66
998,338,86,69
942,349,88,57
956,352,86,55
940,344,95,61
1033,346,93,60
1033,346,93,60
1023,356,80,51
1036,351,84,54
1000,361,80,51
1053,347,93,60
1064,345,95,61
1091,356,82,53
1118,356,82,53
1116,360,78,50
1100,363,74,48
1025,356,82,53
1001,339,85,66
950,340,91,71
970,355,84,54
970,355,84,54
970,352,86,55
1015,346,93,60
1017,353,84,54
1008,350,88,57
991,357,82,53
1057,354,82,53
1083,349,88,57
1082,354,84,54
1090,356,76,49
1127,352,86,55
1040,347,95,61
1021,355,82,53
980,352,86,55
980,354,84,54
951,348,88,57
987,356,82,53
1013,346,95,61
1069,348,93,60
1078,351,88,57
1059,355,84,54
1059,355,84,54
1067,350,88,57
1109,348,90,58
1131,360,76,49
1136,352,84,54
1181,349,88,57
1161,356,82,53
1049,340,87,71
1009,335,97,73
1071,348,93,61
1062,335,94,74
1084,358,80,51
1122,346,88,64
1100,352,86,55
1065,334,88,73
1058,332,93,74
1070,335,93,72
1078,330,93,78
1069,333,93,74
1060,332,100,74
1064,326,96,78
1105,326,93,85
1178,329,91,76
1197,335,96,72
1164,330,106,78
1022,339,103,65
995,339,94,68
1033,353,86,55
981,346,93,60
987,355,82,53
998,353,86,55
1023,353,84,54
1104,354,84,54
1108,351,86,55
1080,353,84,54
1129,354,82,53
1115,345,90,58
1021,350,88,57
1014,353,86,55
1041,356,80,51
1035,354,80,51
1008,355,82,53
991,357,82,53
1023,353,86,55
1029,348,93,60
1121,354,84,54
1009,352,86,55
1004,348,90,58
1011,354,86,55
976,367,76,49
954,354,86,55
997,352,86,55
998,352,86,55
986,350,88,57
1010,359,80,51
1027,353,86,55
1001,354,84,54
1052,354,86,55
1034,354,86,55
1009,350,88,57
1006,352,86,55
1058,349,90,58
1042,350,90,58
1130,334,91,73
1129,339,93,68
1142,335,86,71
1062,339,90,68
1048,341,98,68
1013,334,81,72
1017,332,94,75
1045,339,98,69
1075,340,93,66
1046,338,93,69
1034,339,88,68
997,343,94,66
1018,343,84,64
1053,339,97,68
1050,339,94,65
1081,336,99,72
1105,339,93,70
1011,351,88,57
995,335,97,74
950,339,98,71
949,341,87,64
986,340,81,68
1010,338,96,65
1041,345,93,63
1137,345,84,60
1257,344,76,54
1264,343,81,56
1208,338,79,61
1199,334,94,74
1087,355,84,54
1079,351,88,57
1114,355,80,51
1071,348,88,57
1078,353,84,54
1081,343,97,63
1063,339,93,75
1064,336,67,76
1059,331,108,78
1060,339,108,70
1096,340,93,64
1090,336,99,70
1040,335,105,75
1061,351,86,55
1055,353,86,55
1088,356,80,51
1090,343,102,64
1046,343,98,65
1042,341,91,69
1068,340,100,68
1068,335,100,73
1065,339,93,70
1069,339,93,66
1063,335,99,71
1088,343,96,65
1072,336,104,72
1074,333,97,74
1058,339,91,69
1033,330,99,82
1028,349,88,57
1020,360,78,50
961,342,112,68
938,340,98,69
915,333,105,75
909,332,93,77
916,332,109,76
940,331,99,78
960,347,95,61
1001,354,86,55
976,339,85,65
978,338,85,72
937,347,81,63
928,338,99,70
969,341,88,66
1034,339,100,69
1050,338,99,69
1125,337,102,70
1154,360,78,50
1170,346,88,57
1169,346,88,57
1101,333,105,74
1078,333,99,74
1082,335,88,74
1098,337,91,71
1118,354,84,54
1109,338,94,69
1104,333,93,71
1053,342,100,66
1070,343,96,64
1079,338,92,71
1063,335,90,73
1092,335,110,74
1087,329,98,79
1021,333,93,75
1062,332,93,74
1049,348,90,58
1008,335,80,74
1041,333,93,74
1057,336,94,70
1059,334,88,74
1047,338,96,72
1051,331,110,77
1064,336,105,73
1009,354,82,53
949,349,86,55
986,339,84,69
1056,338,91,70
1040,353,84,54
1053,332,92,76
1032,335,84,77
1002,337,87,71
961,345,98,66
924,340,105,69
911,339,99,69
912,341,87,64
910,353,84,54
920,340,112,70
932,339,91,70
1060,355,84,54
1060,339,87,71
1065,348,81,62
1052,347,91,66
1047,356,82,53
997,341,94,68
1197,340,96,69
1107,352,86,55
1140,331,109,77
1102,330,86,77
1021,339,91,69
1022,333,91,75
1021,332,98,76
998,335,86,74
978,345,88,62
930,334,94,74
915,332,105,77
991,336,88,74
977,338,97,70
955,335,86,74
960,341,96,63
1012,356,80,51
997,338,93,71
1013,353,86,55
1032,351,88,57
954,350,86,55
936,336,91,73
945,339,82,70
954,337,102,71
976,341,86,63
971,337,87,62
991,337,103,69
1007,332,118,72
1030,340,84,59
1060,339,85,60
1087,339,85,60
1160,340,81,57
1160,340,81,57
1084,330,94,66
1097,335,88,61
1159,335,94,65
1110,331,130,77
1093,338,105,64
1072,338,94,65
1081,337,98,69
1076,337,98,68
1099,336,92,64
1096,337,100,65
1075,339,97,68
1058,337,88,61
1023,326,99,69
1085,334,85,60
1105,338,85,60
1079,341,79,55
1022,336,88,61
969,338,105,64
1035,340,83,58
1059,330,94,66
1006,341,83,58
995,331,92,64
944,339,103,70
919,335,105,70
907,338,88,61
899,328,115,75
909,340,83,58
895,339,134,63
1007,335,90,62
1006,331,123,78
998,336,86,68
1003,340,121,64
1008,343,92,60
1003,356,79,52
1014,347,89,59
950,325,101,66
1020,340,94,61
1045,347,89,59
1017,348,85,56
991,352,85,56
1072,348,87,57
1032,352,81,53
968,355,73,48
934,348,87,57
990,345,89,59
1051,353,81,53
1085,349,85,56
1077,354,79,52
1051,348,85,56
1084,349,87,57
1048,352,81,53
1015,349,83,54
1091,353,81,53
1047,357,77,50
1064,355,79,52
1085,348,85,56
1089,349,85,56
1071,347,87,57
1044,346,89,59
1026,348,87,57
1007,355,81,53
1066,348,87,57
1045,348,85,56
1016,339,96,63
1064,346,89,59
1070,347,87,57
1006,348,87,57
1076,348,87,57
1042,345,89,59
988,353,81,53
967,348,87,57
972,345,89,59
969,352,83,54
1025,350,83,54
932,350,85,56
932,350,85,56
942,350,85,56
957,351,85,56
979,354,81,53
975,350,85,56
951,349,85,56
968,349,85,56
1015,347,89,59
1046,349,87,57
1097,350,83,54
1067,349,85,56
1005,358,79,52
1006,355,79,52
950,351,85,56
943,350,85,56
960,349,87,57
963,350,85,56
944,350,83,54
944,350,83,54
970,349,85,56
1037,349,85,56
1153,352,81,53
1192,359,71,47
1182,349,83,54
1063,349,85,56
1066,349,85,56
1012,344,92,60
989,345,87,57
958,344,92,60
961,346,89,59
964,348,87,57
1041,348,87,57
1019,346,89,59
1023,351,83,54
1085,347,87,57
1009,355,79,52
937,350,85,56
906,357,79,52
970,351,83,54
955,351,83,54
960,352,83,54
942,354,81,53
948,347,87,57
954,348,87,57
987,350,83,54
972,349,85,56
965,353,81,53
1015,348,87,57
997,348,87,57
1024,349,85,56
1060,350,83,54
1048,346,89,59
1021,352,83,54
1021,352,83,54
1090,359,73,48
959,356,77,50
937,349,85,56
997,358,87,52
1018,336,97,69
966,345,101,60
955,343,90,66
988,335,92,73
995,342,90,66
985,348,99,59
1110,351,92,55
1119,359,81,48
1102,340,86,68
1190,341,79,65
1219,357,85,51
1161,344,99,59
1159,341,90,66
1077,335,88,74
1070,338,91,72
997,335,91,74
943,334,88,73
930,332,87,76
937,332,98,77
932,335,91,74
886,342,115,70
931,339,98,69
966,339,92,71
974,328,91,82
979,342,114,65
976,338,98,71
970,346,116,62
1011,337,105,70
1058,332,115,75
974,343,127,63
976,339,105,70
995,333,106,74
999,341,93,68
1005,338,84,72
976,334,139,72
960,332,97,74
960,339,111,69
978,335,118,72
1031,333,85,74
1018,331,99,78
1012,335,88,74
1013,327,91,83
1013,329,93,81
1056,333,105,74
1070,339,81,74
1076,335,86,74
1055,333,118,73
1069,335,74,59
1009,345,124,63
993,335,105,71
1052,335,79,71
1048,339,102,69
1019,338,85,71
985,339,108,66
1025,339,73,70
996,339,85,71
1010,335,93,74
1010,346,101,60
1076,331,110,73
1033,342,128,75
1106,335,98,73
1140,339,102,70
1117,331,87,76
1034,337,115,70
1071,335,86,72
1065,333,96,74
1086,335,97,74
1046,332,120,74
1092,334,93,74
1092,335,88,72
998,334,128,73
956,336,115,72
910,332,122,75
901,341,116,60
862,355,90,53
913,345,116,72
966,354,92,55
962,349,96,58
1004,344,105,58
1005,350,92,55
952,342,117,65
954,351,96,58
979,350,96,58
979,342,93,66
982,331,87,78
925,348,96,58
953,352,94,56
913,352,94,56
901,352,96,58
956,351,96,58
1015,347,99,59
991,345,92,56
988,339,128,65
1002,346,116,61
1038,339,118,65
1118,335,96,73
1068,339,132,63
1070,337,88,70
1050,334,104,74
1017,336,100,73
1024,332,93,77
1054,339,110,66
1045,343,99,64
1040,339,93,69
1083,359,81,48
1000,352,94,56
955,340,105,69
968,342,81,68
965,354,92,55
983,340,102,64
1012,336,105,71
1010,340,91,74
1043,333,86,74
1053,335,85,72
1002,341,118,65
954,348,96,58
975,339,102,72
972,343,86,64
963,341,112,64
1007,338,87,71
951,345,110,62
955,335,80,74
974,343,91,66
994,337,76,69
983,342,93,66
984,358,85,51
1062,350,94,56
984,356,90,53
958,358,90,53
921,355,87,52
917,353,90,53
914,347,99,59
898,333,109,65
987,356,87,52
952,351,92,55
969,349,99,59
881,346,99,59
876,344,101,60
844,351,96,58
844,352,94,56
818,363,81,48
850,368,69,41
844,371,64,38
852,370,71,43
855,361,83,50
846,352,90,53
841,360,81,48
867,369,69,41
854,360,81,48
845,348,94,56
868,355,90,53
863,358,87,52
835,363,79,47
835,352,92,55
813,352,94,56
834,363,81,48
834,359,83,50
833,357,87,52
849,363,79,47
800,349,96,58
797,359,87,52
780,350,96,58
832,358,87,52
872,357,87,52
863,352,94,56
919,352,92,55
953,349,94,56
965,356,87,52
894,349,92,55
929,338,104,62
940,344,101,60
908,342,104,62
918,346,101,60
879,352,90,53
957,349,96,58
1083,353,90,53
1112,351,92,55
1073,350,94,56
1135,352,87,52
1127,357,83,50
1107,345,96,58
1166,356,85,51
1140,349,94,56
1126,346,99,59
1050,346,99,59
1047,349,96,58
1028,351,92,55
1035,341,106,63
1029,348,99,59
1007,343,104,62
1039,341,104,62
1082,351,90,53
1082,351,90,53
1078,345,99,59
996,348,96,58
1033,357,83,50
1071,359,81,48
1057,351,92,55
953,357,87,52
1047,349,90,53
1064,360,77,46
1061,351,90,53
1081,358,81,48
1061,355,85,51
1027,348,99,59
1027,357,87,52
1010,347,99,59
1028,349,96,58
1097,353,90,53
1081,346,99,59
1083,345,99,59
1055,346,99,59
1036,348,99,59
1010,348,99,59
1003,339,109,65
1087,357,83,50
1064,348,96,58
1039,345,101,60
1078,357,83,50
1032,349,96,58
984,345,101,60
984,345,101,60
973,347,99,59
977,349,96,58
989,345,101,60
1056,347,99,59
1125,342,101,60
1133,353,87,52
1081,366,71,43
1027,360,83,50
1030,351,94,56
941,343,99,59
953,356,87,52
930,343,104,62
992,345,101,60
1029,364,79,47
1003,352,92,55
982,345,101,60
988,349,92,55
1011,354,90,53
983,341,104,62
954,340,104,62
921,357,85,51
924,346,99,59
935,341,101,60
925,351,92,55
914,346,99,59
884,349,92,55
885,349,92,55
892,357,87,52
958,350,92,55
1005,354,81,48
1034,362,81,48
1066,350,94,56
1077,354,90,53
1061,346,99,59
1054,344,101,60
1026,344,104,62
1042,353,90,53
1025,346,99,59
1050,361,79,47
1028,353,92,55
1025,360,79,47
992,358,90,53
891,355,85,51
838,363,79,47
869,357,87,52
900,355,87,52
933,355,77,46
897,357,79,47
875,352,90,53
902,355,85,51
969,352,90,53
1078,346,99,59
952,348,99,59
929,348,96,58
937,352,92,55
987,356,79,47
998,357,87,52
887,359,83,50
879,356,87,52
861,362,75,45
899,356,87,52
903,354,87,52
871,344,101,60
894,348,92,55
960,373,64,38
976,368,75,45
944,363,71,43
953,351,92,55
938,343,101,60
932,344,101,60
921,354,87,52
901,356,87,52
921,345,99,59
916,343,101,60
899,353,90,53
905,367,77,46
873,357,90,53
865,350,96,58
919,344,101,60
938,351,87,52
955,359,77,46
924,351,90,53
971,358,83,50
941,347,96,58
972,350,94,56
917,342,101,60
950,348,99,59
966,344,104,62
1028,343,101,60
1089,347,90,53
1154,359,79,47
1160,362,75,45
1114,356,85,51
1187,354,81,48
1159,348,94,56
1141,353,85,51
1152,362,75,45
1086,342,101,60
1124,349,92,55
1096,345,99,59
1098,354,85,51
1139,357,85,51
1162,360,75,45
1167,355,87,52
1113,346,99,59
1087,350,94,56
1024,344,101,60
998,344,101,60
1004,345,99,59
1032,347,92,55
1002,345,101,60
1003,352,90,53
1004,343,101,60
978,343,101,60
961,348,96,58
960,348,96,58
952,344,101,60
951,353,87,52
946,351,90,53
945,347,99,59
954,344,101,60
961,343,101,60
960,343,101,60
994,337,109,65
1036,350,94,56
1043,354,90,53
1024,355,85,51
1011,346,99,59
1036,358,81,48
1035,348,94,56
1059,343,101,60
1087,365,69,41
1047,352,92,55
1043,355,90,53
969,330,117,70
1050,342,106,63
1059,347,92,55
1063,353,81,48
1070,352,87,52
1066,341,101,60
1042,338,109,65
1049,351,90,53
1000,342,101,60
953,347,99,59
958,347,99,59
890,342,101,60
884,343,101,60
949,347,101,60
994,336,114,68
1033,345,99,59
996,344,101,60
989,341,106,63
999,342,101,60
1021,348,99,59
1075,357,83,50
1059,346,96,58
1048,354,90,53
1014,342,104,62
1047,350,90,53
1024,344,101,60
1002,343,101,60
1066,356,90,53
1050,347,99,59
985,354,90,53
977,345,101,60
979,344,104,62
919,343,104,62
957,338,109,65
973,344,99,59
1044,362,81,48
992,358,83,50
962,348,94,56
1027,343,101,60
980,354,90,53
989,369,77,46
938,348,96,58
1001,349,87,52
1072,371,77,46
986,349,92,55
938,346,99,59
986,343,99,59
986,343,99,59
1004,342,101,60
1047,337,106,63
1058,346,99,59
1088,348,96,58
1043,352,90,53
998,342,104,62
949,344,101,60
1036,343,104,62
939,351,90,53
968,342,104,62
1006,348,92,55
1033,345,94,56
1008,338,106,63
1052,346,99,59
1052,346,99,59
1015,353,90,53
1035,360,77,46
949,347,99,59
998,344,101,60
1059,343,101,60
1101,352,92,55
1112,349,92,55
1112,349,92,55
1007,355,87,52
1030,345,101,60
1041,338,109,65
1052,343,101,60
1020,339,109,65
1027,342,96,58
1059,345,99,59
1080,349,92,55
1065,362,79,47
1011,351,90,53
1053,344,101,60
1033,343,101,60
1047,353,90,53
1071,361,79,47
1103,358,79,47
1084,349,92,55
1021,342,104,62
1010,349,92,55
1030,344,101,60
1022,331,114,68
1073,346,99,59
1078,349,96,58
1101,346,99,59
1103,367,87,52
1083,351,92,55
1032,342,104,62
1003,341,106,63
988,351,92,55
993,344,101,60
1028,344,101,60
1028,345,101,60
1033,351,96,58
1056,341,104,62
1046,351,87,52
995,337,106,63
1093,348,92,55
1097,346,92,55
1061,350,87,52
1045,350,87,52
1035,343,101,60
1048,342,104,62
1115,334,109,65
1211,346,92,55
1185,336,106,63
1134,339,104,62
1046,354,87,52
993,342,99,59
956,351,94,56
955,349,94,56
1011,360,79,47
990,351,92,55
989,342,101,60
1038,341,101,60
1026,348,92,55
1005,360,79,47
968,345,101,60
997,345,96,58
1033,349,96,58
1051,348,92,55
1091,345,99,59
1129,353,87,52
1071,341,101,60
1024,343,101,60
1024,343,99,59
1001,350,92,55
985,343,104,62
986,342,104,62
1020,342,101,60
1048,344,101,60
1045,341,104,62
1054,350,94,56
994,342,101,60
992,344,101,60
988,343,101,60
1077,351,90,53
1073,350,92,55
1040,342,101,60
1028,352,92,55
1023,336,109,65
1050,353,85,51
1041,342,101,60
1006,344,99,59
988,344,101,60
1041,344,101,60
1018,343,101,60
1038,341,101,60
1008,357,90,53
977,343,101,60
984,339,104,62
1056,348,90,53
963,346,99,59
963,346,101,60
1125,356,87,52
1060,336,109,65
1059,349,96,58
1105,348,92,55
1098,339,106,63
1103,343,96,58
1114,349,90,53
1135,341,101,60
1131,346,94,56
1076,339,106,63
1054,342,104,62
1087,348,90,53
1122,341,101,60
1147,352,87,52
1085,344,96,58
1063,336,109,65
1081,345,94,56
1109,354,87,52
1023,349,92,55
1134,351,87,52
1125,347,94,56
1037,342,101,60
1012,342,104,62
1097,358,90,53
1114,369,79,47
1110,349,92,55
1122,347,92,55
1043,339,106,63
1058,343,99,59
1084,359,79,47
1047,362,75,45
1011,355,87,52
1022,342,101,60
1073,343,101,60
1111,341,101,60
1088,338,106,63
1124,332,106,63
1181,347,90,53
1177,344,92,55
1155,349,92,55
1111,342,101,60
1166,332,84,74
1160,335,93,70
1107,332,96,70
1100,335,108,66
1147,355,83,50
1118,341,84,68
1084,338,103,64
1105,339,97,65
1126,335,105,68
1140,338,85,65
1098,336,106,64
1103,339,92,56
1116,338,106,63
1183,337,105,62
1215,344,94,56
1215,344,94,56
1257,340,81,48
1234,343,94,56
1142,336,93,69
1108,349,92,55
1116,337,105,63
1110,341,102,60
1126,344,98,60
1095,345,85,58
987,343,93,62
960,347,94,59
999,339,109,64
1000,339,100,59
971,341,104,62
1033,337,92,65
1062,351,79,56
1072,358,73,52
1002,336,92,65
1123,346,81,58
1098,338,90,64
1163,348,79,56
1172,342,83,59
1171,348,79,56
1080,345,81,58
1006,340,88,62
1011,351,77,55
1031,351,77,55
966,349,79,56
1007,346,81,58
1006,344,83,59
1066,347,81,58
1065,339,85,61
1082,348,79,56
1094,347,81,58
1055,346,81,58
1056,346,81,58
993,347,81,58
932,337,90,64
932,344,83,59
969,340,88,62
989,341,88,62
995,343,85,61
1061,347,81,58
1046,346,81,58
1102,351,77,55
1071,347,81,58
1053,346,81,58
1111,349,77,55
1204,344,81,58
1235,353,73,52
1252,343,83,59
1257,357,69,50
1228,345,81,58
1242,347,79,56
1246,341,85,61
1250,344,83,59
1231,341,83,59
1140,352,75,54
1094,350,77,55
1183,354,71,51
1195,350,71,51
1217,348,77,55
1257,346,79,56
1228,337,88,62
1251,346,79,56
1325,359,66,47
1322,359,66,47
1303,351,75,54
1212,354,71,51
1164,356,71,51
1140,345,81,58
1138,344,83,59
1104,348,79,56
1085,352,75,54
1061,347,79,56
1080,346,81,58
1071,342,85,61
978,348,81,58
975,346,86,51
990,336,92,65
901,347,81,58
898,349,79,56
898,343,85,61
915,345,83,59
1004,344,83,59
972,347,81,58
1012,346,81,58
1051,343,83,59
1082,347,79,56
1060,335,92,65
1084,346,81,58
1022,349,79,56
989,341,88,62
984,336,92,65
985,346,81,58
990,354,71,51
991,344,83,59
977,343,85,61
1083,348,77,55
1073,344,83,59
1085,349,77,55
1058,344,83,59
1005,335,92,65
990,340,88,62
999,336,92,65
980,351,81,58
967,345,83,59
996,351,77,55
1000,342,85,61
1001,336,92,65
1022,337,90,64
1032,342,85,61
1022,339,90,64
963,333,94,67
993,335,92,65
1013,336,92,65
996,342,85,61
991,339,90,64
977,344,83,59
1017,335,92,65
934,343,83,59
946,344,83,59
925,335,92,65
925,335,92,65
919,340,85,61
919,335,92,65
947,336,92,65
1066,338,90,64
1142,350,77,55
1143,350,77,55
1194,349,77,55
1201,350,73,52
1265,355,71,51
1209,344,81,58
1158,348,79,56
1159,356,71,51
1097,344,83,59
1045,336,92,65
1081,346,79,56
1114,353,75,54
1115,335,92,65
1084,343,85,61
1055,343,83,59
1051,338,90,64
1051,338,90,64
1083,335,92,65
1082,335,92,65
1117,355,69,50
1111,345,81,58
1121,339,88,62
1109,332,94,67
1073,344,83,59
1071,341,88,62
1135,344,81,58
1175,350,75,54
1192,350,75,54
1118,344,83,59
1117,343,83,59
1077,345,81,58
1081,348,79,56
1086,342,85,61
1083,346,81,58
1083,346,81,58
1069,335,92,65
1007,344,83,59
993,336,92,65
1032,337,92,65
1003,345,83,59
997,339,90,64
1009,335,92,65
999,359,73,52
896,343,85,61
919,352,73,52
1036,351,75,54
1013,336,92,65
1016,342,85,61
1047,342,85,61
1065,344,83,59
1019,340,88,62
992,337,92,65
993,346,81,58
983,336,92,65
962,341,88,62
919,344,83,59
902,337,90,64
897,340,85,61
972,344,81,58
966,348,79,56
1007,340,90,64
990,343,83,59
978,335,92,65
1007,337,92,65
1028,336,92,65
1146,349,77,55
1143,352,77,55
1146,346,81,58
1115,347,81,58
1139,348,79,56
1088,336,90,64
1072,335,92,65
1073,342,85,61
1051,335,92,65
1075,347,79,56
990,338,90,64
988,336,92,65
1015,340,90,64
1046,336,92,65
1042,344,83,59
1071,343,83,59
1063,344,83,59
1004,345,83,59
975,335,105,71
977,334,94,67
917,341,88,62
891,336,92,65
904,337,90,64
974,344,83,59
1008,351,73,52
1005,345,83,59
993,343,85,61
985,345,83,59
963,355,71,51
864,351,77,55
852,339,90,64
848,336,92,65
848,347,81,58
843,345,83,59
835,336,92,65
856,336,92,65
879,334,94,67
990,336,92,65
1030,335,92,65
1040,332,110,69
1098,343,102,58
1178,338,96,64
1208,341,83,59
1197,340,85,61
1125,335,98,68
1125,337,96,65
997,336,92,65
971,336,92,65
1005,336,92,65
1005,336,92,65
1030,336,92,65
1027,336,92,65
1015,335,92,65
1007,344,83,59
996,343,83,59
1011,346,79,56
997,341,88,62
1034,337,90,64
1043,337,90,64
1063,340,98,61
1065,332,105,65
1096,342,93,63
1068,339,104,65
1022,336,86,68
1003,336,96,68
990,336,92,65
1012,336,92,65
1221,333,106,71
1233,339,85,65
1122,337,98,69
1062,346,83,59
1083,346,79,56
994,343,90,62
964,342,85,61
875,353,73,52
846,348,79,56
852,347,79,56
849,336,81,69
862,334,81,60
861,337,110,63
956,349,79,56
955,347,81,58
962,337,90,64
940,337,90,64
901,335,92,65
900,340,88,62
901,343,85,61
953,341,88,62
956,337,90,64
1006,342,83,59
1051,343,81,58
1072,339,88,62
1083,348,79,56
1107,346,81,58
1065,347,81,58
1065,347,81,58
1084,349,79,56
1107,343,83,59
1067,336,92,65
1036,335,92,65
935,339,88,62
994,338,90,64
1060,335,92,65
1013,336,92,65
1034,336,92,65
1055,336,92,65
1043,336,92,65
1073,342,85,61
1046,337,92,65
966,343,83,59
984,337,90,64
961,341,85,61
939,338,90,64
1014,336,92,65
1071,348,79,56
1078,352,75,54
1077,345,81,58
1026,337,90,64
1022,334,92,65
1061,341,90,64
1125,339,88,62
1138,343,83,59
1104,342,88,62
1131,344,81,58
1164,348,77,55
1143,345,83,59
1188,350,73,52
1182,348,79,56
1068,341,90,64
1036,348,81,58
1094,349,79,56
1053,342,83,59
1104,342,85,61
1060,335,92,65
967,336,92,65
967,336,92,65
935,337,90,64
941,337,90,64
959,336,92,65
1005,343,81,58
945,337,90,64
889,343,85,61
844,336,92,65
827,349,79,56
833,335,92,65
855,344,85,61
871,339,90,64
848,338,88,62
827,337,92,65
829,337,90,64
859,349,79,56
856,345,83,59
834,334,92,65
838,337,90,64
898,354,69,50
865,343,85,61
963,342,85,61
953,339,88,62
1026,336,92,65
1016,351,81,58
1011,336,92,65
1014,329,97,68
1079,330,97,68
1053,337,92,65
1113,346,79,56
1122,345,81,58
1117,352,75,54
969,337,90,64
1027,336,92,65
974,335,90,64
952,341,85,61
952,341,85,61
936,339,88,62
936,342,85,61
982,341,85,61
1018,336,92,65
1057,336,92,65
1037,336,92,65
1110,336,90,64
1077,335,92,65
1072,335,92,65
1060,334,94,67
1063,335,92,65
1071,336,92,65
1094,335,92,65
1124,340,85,61
1082,347,79,56
1058,346,83,59
1030,334,94,67
1076,335,92,65
1050,336,92,65
1047,336,92,65
1029,342,85,61
946,341,85,61
931,343,83,59
919,340,75,54
951,341,88,62
973,336,92,65
1022,338,90,64
1049,343,83,59
1059,341,85,61
1034,335,94,67
1039,337,92,65
1039,337,92,65
1075,336,92,65
1136,341,88,62
1155,353,75,54
1166,346,81,58
1187,352,71,51
1075,343,83,59
1079,342,83,59
1090,336,92,65
1098,342,83,59
1080,337,90,64
1052,336,92,65
1046,336,92,65
1047,336,92,65
1042,335,94,67
1011,342,85,61
990,333,94,67
1073,342,85,61
1066,361,77,55
1033,343,83,59
1067,349,79,56
1076,336,92,65
1078,341,85,61
1161,343,83,59
1161,343,83,59
1128,344,83,59
1101,344,81,58
1178,355,69,50
1147,343,83,59
1122,346,79,56
1193,343,83,59
1201,345,81,58
1201,345,81,58
1177,341,83,59
1134,329,96,76
1125,339,104,64
1111,337,98,66
1074,338,94,66
1084,349,77,55
1098,343,93,60
1169,353,73,52
1198,349,75,54
1198,349,75,54
1156,339,111,63
1183,336,105,68
1218,339,93,63
1182,339,112,65
1151,338,102,65
1157,338,94,64
1156,337,118,66
1150,339,106,64
1147,337,110,66
1105,336,98,68
1112,333,92,65
1083,336,92,65
1039,335,92,65
996,341,85,61
1019,339,90,64
1028,334,92,65
1070,335,92,65
1074,336,92,65
1050,337,112,66
1020,336,92,65
1024,336,92,65
1023,335,92,65
936,340,88,62
1080,331,92,65
1203,332,105,73
1222,339,91,64
1170,336,88,69
1115,335,82,69
1122,336,94,69
1180,332,91,72
1162,329,98,73
1110,340,85,61
1140,326,99,78
1158,332,85,74
1158,336,96,68
1140,325,86,77
1144,346,81,58
1146,332,102,72
1155,333,92,71
1167,333,93,72
1180,336,93,68
1185,352,73,52
1146,343,83,59
1111,341,83,59
1189,333,99,71
1118,339,88,62
1113,331,88,72
1196,330,92,75
1130,333,91,71
1127,344,81,58
1101,333,98,69
1110,349,77,55
1110,349,77,55
1110,347,79,56
1121,336,109,69
1178,340,81,63
1173,345,81,58
1196,349,75,54
1189,332,96,69
1231,347,79,56
1060,329,96,72
1041,336,94,65
1054,343,83,59
1069,338,94,66
1062,344,85,61
1087,342,83,59
1093,344,83,59
1078,335,104,72
1078,337,86,65
1098,329,100,78
1105,337,109,68
1154,337,93,65
1179,344,90,56
1207,341,93,59
1150,329,105,70
1168,339,94,64
1125,339,105,64
1069,336,105,68
1070,336,103,65
1059,338,88,65
1090,339,98,62
1096,339,93,65
1097,335,98,64
1122,334,98,69
1110,336,93,65
1069,339,87,64
1078,336,103,65
1162,340,103,61
1185,345,81,58
1185,345,81,58
1289,355,71,51
1265,331,94,71
1314,346,87,59
1385,352,66,56
1254,351,73,52
1252,351,73,52
1258,333,105,69
1317,342,93,61
1319,332,92,72
1323,335,91,71
1320,337,97,69
1256,346,79,56
1232,341,79,57
1155,344,81,58
1176,349,75,54
1191,349,77,55
1188,347,79,56
1210,346,79,56
1244,349,75,54
1211,351,73,52
1111,344,83,59
1122,343,85,61
1120,344,83,59
1198,346,79,56
1111,343,83,59
1113,345,81,58
1062,340,104,61
1068,336,100,68
1048,339,94,62
981,335,92,65
973,342,81,58
950,341,88,62
954,342,85,61
968,341,88,62
1010,347,81,58
991,339,90,64
980,341,90,64
992,339,88,62
1014,338,90,64
1020,344,85,61
1099,345,77,55
1073,339,102,63
1125,345,81,58
1215,349,73,52
1182,343,87,60
1185,343,84,60
1153,349,77,55
1193,348,77,55
1185,344,81,58
1117,352,75,54
1105,346,81,58
1069,354,75,54
1194,345,79,56
1194,345,79,56
1174,351,75,54
1108,340,88,62
1103,339,88,62
1109,343,83,59
1102,340,83,59
1139,343,83,59
1143,345,81,58
1116,344,83,59
1100,343,83,59
1145,351,75,54
1133,346,79,56
1130,342,83,59
1101,344,83,59
1071,343,93,56
1081,344,83,59
1015,338,90,64
1004,342,85,61
1014,337,90,64
1042,343,83,59
1064,344,83,59
1057,339,85,61
1056,342,83,59
1063,346,79,56
981,343,83,59
1015,341,85,61
949,342,85,61
996,343,85,61
993,340,88,62
1046,343,85,61
991,348,79,56
1019,345,83,59
1025,336,92,65
1008,348,83,59
1008,344,83,59
1006,337,90,64
1016,345,83,59
1009,347,81,58
961,353,71,51
978,345,85,61
1022,342,85,61
1085,343,85,61
1132,335,92,65
1111,344,81,58
1055,346,81,58
1022,341,88,62
1028,344,83,59
999,343,88,62
977,342,85,61
1034,343,83,59
1010,349,79,56
934,343,85,61
926,343,85,61
1030,341,85,61
1101,344,83,59
1104,344,81,58
1063,348,79,56
1096,348,79,56
1090,357,75,54
1086,356,75,54
1083,347,81,58
1051,343,83,59
991,338,76,55
996,343,83,59
1048,341,83,59
1111,344,81,58
1081,341,84,59
1067,341,82,59
1011,345,81,58
989,340,85,52
978,336,86,69
976,343,83,59
996,340,88,62
961,349,79,56
954,343,81,58
972,343,83,59
992,337,92,65
1017,342,80,57
1024,342,85,61
1130,342,84,59
1129,329,93,74
1116,338,96,64
1111,329,79,75
1085,338,98,65
1103,336,102,69
1104,330,88,75
1120,343,83,59
1126,346,79,56
1149,336,86,63
1117,339,88,62
1123,347,81,58
1118,349,77,55
1114,346,81,58
1082,343,83,59
1140,348,77,55
1150,330,92,78
1246,343,83,59
1245,340,81,58
1180,343,78,55
1171,339,80,56
1118,337,84,66
1070,330,97,75
1078,332,88,73
1016,345,98,56
1018,343,83,59
1014,343,83,59
1046,333,100,73
1041,337,90,64
1067,340,88,62
1067,340,88,62
1032,340,88,62
1072,347,81,58
1064,343,85,61
1096,350,79,56
1107,343,83,59
1075,343,83,59
1049,346,81,58
1008,346,75,54
1010,341,88,62
1037,340,88,62
1024,340,85,61
1001,344,83,59
931,341,88,62
937,343,85,61
1027,343,83,59
1002,342,83,59
990,343,83,59
1009,346,81,58
1003,342,85,61
1019,340,88,62
960,341,88,62
936,343,83,59
932,339,88,62
976,343,83,59
973,342,85,61
980,347,81,58
974,342,85,61
977,344,83,59
977,344,83,59
967,338,90,64
974,342,85,61
978,344,83,59
978,344,83,59
978,344,83,59
978,344,83,59
977,344,83,59
977,344,83,59
974,342,85,61
977,344,83,59
978,344,83,59
977,344,83,59
977,344,83,59
977,344,83,59
977,344,83,59
978,344,83,59
978,344,83,59
978,344,83,59
977,344,83,59
978,344,83,59
978,344,83,59
978,344,83,59
978,344,83,59
978,344,83,59
978,344,83,59
978,344,83,59
978,344,83,59
978,344,83,59
978,344,83,59
978,344,83,59
978,344,83,59
978,344,83,59
978,344,83,59
978,344,83,59
978,344,83,59
981,347,81,58
974,342,85,61
974,342,85,61
981,346,81,58
974,342,85,61
974,342,85,61
981,346,81,58
974,345,88,58
974,342,85,61
981,346,81,58
984,348,79,56
964,340,98,63
967,341,93,62
974,342,85,61
974,342,85,61
981,347,81,58
974,342,85,61
974,342,85,61
984,348,79,56
974,342,85,61
981,347,81,58
