1223,327,334,170
1316,322,335,171
1284,321,326,167
1104,317,344,176
1087,317,353,180
1088,317,350,179
1087,315,359,184
1078,314,359,184
1083,312,366,187
779,313,320,189
731,331,309,194
722,327,342,175
725,329,335,171
726,329,330,169
731,332,322,164
728,329,329,168
727,329,329,168
460,327,337,172
457,328,330,169
462,329,332,169
456,328,333,170
462,329,332,170
456,327,333,170
461,329,333,170
460,329,332,170
462,329,333,170
462,329,333,170
229,326,338,173
218,320,353,181
219,320,354,181
228,325,341,174
233,328,333,170
232,327,335,171
91,329,335,171
87,328,336,172
87,328,336,172
13,327,343,176
10,328,347,177
8,327,346,177
11,326,348,178
6,326,348,178
9,326,347,177
11,327,347,177
0,327,341,174
0,327,331,169
0,327,332,170
0,329,316,161
0,327,317,162
0,329,315,161
0,330,314,160
0,329,316,162
0,328,315,161
0,329,316,161
0,329,316,161
0,329,316,162
0,327,317,162
0,327,316,162
0,326,320,164
0,329,314,161
0,326,318,163
0,324,321,164
0,325,322,164
0,324,324,166
0,330,311,159
0,331,310,158
0,331,306,156
0,331,308,158
0,327,319,163
0,331,312,160
0,332,311,159
0,330,309,158
0,331,310,159
0,330,309,158
0,331,310,159
0,330,309,158
0,331,311,159
0,327,318,163
0,326,319,163
0,331,311,159
0,329,311,159
0,329,312,159
0,331,309,158
0,330,308,158
0,331,309,158
0,331,309,158
0,332,308,157
0,327,318,163
0,332,307,157
0,331,307,157
0,327,318,163
0,331,310,159
0,332,305,156
0,332,305,156
0,327,319,163
0,326,321,164
0,326,322,164
0,331,310,158
0,332,307,157
0,331,307,157
0,327,319,163
0,331,308,157
0,327,320,164
0,331,309,158
0,327,320,164
0,331,309,158
0,331,308,158
0,331,310,158
0,331,308,158
0,327,320,164
0,331,310,158
0,327,320,164
0,332,307,157
32,334,312,160
30,335,311,159
30,335,312,159
30,335,311,159
32,335,312,160
90,333,319,163
95,332,320,164
93,332,322,164
92,331,322,164
92,332,322,165
93,332,322,165
93,332,322,165
93,332,322,165
131,331,328,168
127,330,333,170
124,330,336,172
124,328,335,171
121,329,340,174
123,328,337,172
123,330,339,173
122,328,337,172
227,326,336,172
233,328,335,171
236,328,324,166
236,329,330,169
236,329,331,169
238,328,329,168
243,330,316,162
235,329,331,169
235,329,330,169
295,328,329,168
296,329,327,167
296,329,328,168
299,331,327,167
292,328,340,174
326,343,275,141
325,343,274,140
322,341,279,143
323,341,278,142
466,341,279,142
463,340,279,143
432,342,334,140
432,342,334,140
432,342,334,140
432,342,334,140
432,342,334,140
437,343,320,134
438,344,315,132
437,344,322,135
438,343,318,133
441,346,314,131
441,345,311,130
437,344,320,134
438,344,320,134
441,345,311,130
438,344,318,133
749,343,307,128
763,332,298,170
767,336,287,163
760,332,298,169
761,332,298,170
761,332,298,170
761,332,298,170
761,332,298,170
761,332,299,170
761,332,299,170
761,332,299,170
762,332,298,170
762,332,298,170
762,332,298,170
762,332,299,170
762,332,298,170
1245,328,286,163
1247,344,282,160
1250,338,288,164
1260,343,277,157
1276,346,273,155
1264,336,273,155
1246,346,282,160
1269,332,277,157
1263,337,280,156
1263,337,280,156
1263,337,280,156
1263,337,280,155
1263,337,280,156
1263,337,279,155
1265,339,279,155
1265,339,281,156
1263,337,280,156
1230,330,315,160
1265,339,280,155
1263,337,280,156
1263,337,279,155
1432,333,293,163
1441,338,280,156
1441,338,275,153
1438,337,281,156
1443,340,275,153
1443,339,275,153
1443,338,274,152
1441,338,275,153
1442,338,274,153
1442,338,273,152
1441,338,275,153
1441,338,275,153
1442,338,274,152
1443,340,275,153
1442,338,275,153
1442,338,274,153
1443,340,274,153
1444,340,274,153
1443,340,274,153
1443,340,274,153
1442,338,275,153
1442,338,274,153
1443,340,274,153
1442,338,275,153
1442,338,274,153
1442,338,274,153
1443,340,274,153
1443,340,274,153
1442,338,275,153
1442,338,274,153
1443,340,274,153
1442,338,275,153
1442,338,275,153
1441,338,275,153
1441,338,275,153
1195,337,275,153
1192,335,277,154
1192,335,278,155
1192,336,279,155
1193,336,279,155
1193,336,279,155
1193,336,279,155
1193,337,279,155
1193,337,279,155
1193,337,279,155
1193,337,279,155
1193,337,279,155
1193,336,279,155
1193,336,279,155
1193,337,279,155
1180,330,307,161
1180,330,307,161
1180,330,307,161
1180,330,306,160
1166,327,324,171
543,335,301,160
543,335,301,160
543,335,301,160
543,335,302,160
536,331,315,167
532,328,320,170
532,328,317,169
530,327,323,171
530,327,323,171
530,327,322,171
530,327,322,171
531,329,323,171
531,328,319,169
532,329,321,171
533,329,322,171
533,329,322,171
533,329,323,171
532,328,320,170
532,329,322,171
532,329,321,171
539,333,310,165
533,328,319,169
532,329,322,171
532,329,322,171
532,329,322,171
532,329,322,171
532,329,322,171
532,329,321,170
532,329,321,170
532,329,321,171
532,329,322,171
532,329,322,171
532,329,322,171
532,329,322,171
532,329,322,171
532,329,322,171
532,329,322,171
532,329,322,171
532,329,322,171
532,329,322,171
532,329,322,171
536,331,314,167
532,334,310,165
531,334,312,165
1327,333,271,160
1327,333,271,160
1327,333,271,160
1327,333,271,160
1327,333,271,160
1327,333,271,160
1327,333,271,160
1327,333,271,160
1327,333,271,160
1327,333,271,160
1327,333,271,160
1327,333,271,160
1327,333,271,160
1327,333,271,160
1327,333,271,160
1327,333,271,160
1327,333,271,160
1327,333,271,160
1327,333,271,160
1327,333,271,160
1327,333,271,160
1327,333,271,160
1327,333,271,160
1327,333,271,160
1327,333,271,160
1327,333,271,160
1327,333,271,160
1327,333,271,160
1327,333,271,160
1327,333,271,160
1315,325,292,172
1316,325,290,171
1325,332,274,162
1315,325,292,172
1325,332,274,162
1316,325,291,171
1326,332,272,161
1317,326,289,170
1326,332,274,162
1325,332,273,161
1326,332,272,161
1317,326,288,170
1323,330,278,164
1325,332,273,161
1326,333,272,161
1318,326,287,169
1315,325,292,172
1317,326,290,171
1317,326,289,170
1316,325,292,172
1317,325,290,171
1316,325,291,172
1317,326,289,171
1326,332,273,161
1326,332,273,161
1317,326,288,170
1322,330,280,165
954,329,284,167
938,328,285,168
944,327,288,170
937,329,286,168
949,330,282,166
939,325,290,171
938,327,287,169
946,330,280,165
941,326,286,169
948,331,278,164
941,327,286,169
943,330,283,167
943,327,284,167
940,326,288,170
941,328,283,167
942,328,283,167
944,330,280,165
942,327,283,167
944,330,280,165
946,330,280,165
942,328,282,166
942,327,285,168
944,329,283,167
947,331,278,164
946,330,279,165
939,326,289,171
939,325,289,171
940,325,290,171
939,325,290,171
951,334,281,165
956,335,279,165
961,336,278,164
959,337,279,164
961,337,278,164
960,336,278,164
961,336,279,164
963,337,278,164
961,336,279,164
962,337,278,164
962,336,278,164
962,337,278,164
962,336,278,164
962,337,278,164
962,336,278,164
962,337,278,164
49,327,289,209
48,326,292,211
51,328,289,209
50,328,289,209
47,326,296,214
49,327,289,209
46,346,293,155
46,346,293,155
46,346,292,154
46,346,293,155
46,346,292,154
46,346,293,155
46,346,292,154
46,346,293,155
46,346,292,154
45,343,292,154
514,339,319,178
514,339,319,178
441,302,318,177
446,321,305,170
438,332,304,170
1270,322,313,192
1267,321,315,194
1275,326,303,186
1276,327,297,183
1275,328,298,183
1284,335,283,174
1277,330,294,181
1283,333,286,176
1285,335,283,174
1283,335,282,173
1285,336,282,173
1163,337,280,172
1162,336,288,177
1164,336,290,178
1163,337,281,173
1166,337,279,171
1164,338,281,173
1168,339,276,169
1075,340,275,169
1074,340,273,168
1075,342,273,168
1075,342,273,168
1075,342,273,168
1076,341,273,168
1075,341,273,168
1075,341,273,168
1075,342,273,168
1076,341,273,168
969,340,273,168
973,341,274,168
969,340,273,168
969,340,273,168
973,341,274,168
969,340,273,168
973,341,274,168
970,340,273,168
901,342,272,167
902,342,271,166
784,342,271,166
783,341,271,166
784,342,271,166
784,341,271,166
782,341,271,166
784,342,271,166
784,343,271,166
782,341,271,166
782,341,271,166
782,341,271,167
782,341,271,167
782,341,271,167
650,339,281,173
645,336,285,175
640,334,292,179
648,338,284,174
645,338,281,173
649,340,279,171
645,339,280,172
647,339,278,171
645,339,280,172
646,339,279,171
647,339,278,171
646,339,279,172
648,340,279,172
649,340,280,172
648,341,280,172
555,341,277,170
551,339,277,170
515,342,275,169
515,342,275,169
515,342,275,169
515,342,275,169
515,343,275,169
515,343,275,169
515,342,275,169
515,343,275,169
515,343,275,169
515,343,275,169
374,341,279,171
372,340,278,171
370,340,278,171
370,339,278,171
359,338,284,174
353,334,291,179
358,337,286,176
352,334,293,180
349,331,300,184
352,333,294,181
356,336,288,177
356,336,288,177
351,333,296,182
351,332,297,183
359,337,286,175
356,336,289,177
356,336,288,177
351,333,296,182
347,334,294,181
348,335,293,180
348,335,289,177
349,337,289,177
350,337,289,177
352,343,286,163
352,343,286,162
352,343,286,163
352,343,286,163
352,343,286,163
352,343,286,163
352,343,286,163
352,343,286,163
352,343,286,163
352,343,286,163
352,343,286,163
352,343,286,163
352,343,286,163
352,343,286,163
352,342,286,163
352,342,286,163
352,342,286,163
344,337,300,171
344,337,299,170
343,337,298,170
343,338,300,171
345,339,298,170
352,342,286,163
352,342,286,163
431,253,278,158
431,253,274,156
1301,312,300,197
1301,312,300,197
1301,312,300,197
1300,311,300,197
1301,312,300,197
1301,312,301,198
1301,312,300,197
1291,311,301,198
1292,312,301,198
1290,312,301,198
1289,312,301,198
1288,311,302,198
1288,311,302,198
1288,311,302,198
1288,311,302,198
1288,311,302,199
1289,313,301,198
1289,311,301,198
1288,312,301,198
1284,313,301,198
1284,312,300,197
1284,312,299,197
1282,311,300,197
1283,311,299,197
1283,311,299,197
1281,312,304,200
1281,311,302,199
1281,310,302,199
1278,309,303,199
1276,309,304,200
1276,309,304,200
1277,308,303,199
1278,309,302,199
1275,307,304,200
1269,307,305,201
1271,309,305,200
1271,308,306,201
1270,307,305,201
1271,306,306,201
1272,309,305,201
1269,311,307,202
1266,311,312,205
1266,311,314,207
1267,310,314,207
1267,310,315,207
1266,310,315,207
1249,309,310,204
1254,308,309,203
1253,308,306,201
1253,309,304,200
1255,308,304,200
1254,308,304,200
1251,310,304,200
1250,310,304,200
1250,310,304,200
1250,310,304,200
1251,310,304,200
1250,308,303,199
1251,310,304,200
1230,311,312,205
1227,309,315,207
1230,308,313,206
1228,308,313,206
1229,308,313,206
1229,309,313,206
1229,309,316,208
1229,309,316,208
1229,309,316,208
1229,309,313,205
1206,312,311,205
1202,310,313,206
1203,310,313,205
1206,312,312,205
1203,310,313,206
1205,311,313,205
1206,311,313,206
1206,311,313,206
1203,310,313,205
1206,311,313,205
1206,312,312,205
1206,312,312,205
1186,311,313,206
1180,311,310,203
1184,312,310,204
1182,313,311,204
1180,311,310,204
1183,313,309,203
1180,311,310,204
1181,311,309,203
1182,311,309,203
1182,311,310,203
1183,312,310,204
1185,314,308,202
1181,311,309,203
1181,311,310,204
1181,311,310,204
1169,311,308,203
1171,313,308,203
1168,312,308,203
1172,313,308,203
1172,313,309,203
1172,313,309,203
1172,313,309,203
1168,312,308,203
1171,312,309,203
1171,313,309,203
1171,312,309,203
1171,312,309,203
1169,311,308,203
1170,313,309,203
1152,307,312,205
1155,308,315,207
1155,309,314,206
1152,306,315,207
1152,306,316,208
1151,306,317,208
1152,306,316,208
1152,306,316,208
1150,306,318,209
1152,306,316,208
1153,307,318,209
1155,309,312,205
1155,310,312,205
1153,307,318,209
1154,309,313,206
1155,309,313,206
1156,310,312,205
1151,306,318,209
1153,307,318,209
1156,310,311,204
1152,306,317,208
1151,306,317,209
1155,309,312,205
1156,310,311,204
1156,310,311,204
1150,305,318,209
1150,306,318,209
1155,309,312,205
1155,309,312,205
1150,306,318,209
1156,309,312,205
1156,310,311,205
1152,307,316,208
1150,306,317,209
1156,309,312,205
1157,310,311,205
1158,310,311,204
1156,310,312,205
1153,307,318,209
1157,309,312,205
1158,310,311,204
1152,306,317,208
1151,306,318,209
1156,309,312,205
1156,310,312,205
1151,306,318,209
1158,311,310,204
1157,311,310,204
1157,311,310,204
1158,311,310,204
1158,311,310,204
1158,311,310,204
1158,311,310,204
1158,311,310,204
1158,311,310,204
1158,311,310,204
1158,311,311,204
1158,310,311,204
1156,309,313,206
1153,306,318,209
1158,310,311,205
1153,306,317,208
1156,309,313,206
1158,311,311,204
1152,305,319,210
1151,305,319,210
1158,311,311,204
1151,306,319,209
1151,305,319,210
1150,305,321,211
1150,305,321,211
1150,305,321,211
1156,310,313,206
1149,305,321,211
1158,311,310,204
1158,312,309,203
1158,311,310,204
1158,312,309,203
1146,305,320,211
1153,310,314,206
1148,306,319,210
1145,305,322,211
1146,304,322,212
1145,304,322,212
1145,304,322,211
1146,304,322,211
1145,304,322,212
1146,304,322,211
1145,304,322,212
1146,304,322,211
1145,304,322,212
1146,304,322,212
1146,304,323,212
1146,304,323,212
1146,304,323,212
1146,304,323,212
1146,304,323,212
1146,304,323,212
1146,304,323,212
1146,304,323,212
1146,304,322,211
1146,304,322,212
1146,304,322,211
1153,309,314,206
1148,305,320,210
1148,305,320,210
1153,310,314,206
1148,305,320,210
1149,306,319,210
1147,305,321,211
1155,311,310,204
1155,311,310,204
1156,311,311,204
1156,311,311,204
1156,311,311,204
1156,311,311,204
1156,311,311,204
1156,311,311,204
1156,311,311,204
1156,311,311,204
1155,311,311,204
1155,310,313,206
1149,306,321,211
1155,310,313,206
1155,311,310,204
1148,306,320,211
1149,306,321,211
1155,311,310,204
1154,310,313,206
1148,306,321,211
1155,311,311,204
1155,311,311,205
1149,306,320,210
1148,305,321,211
1155,311,313,205
1155,311,311,204
1148,306,321,211
1155,310,313,205
1155,311,310,204
1149,306,321,211
1154,311,313,205
1155,311,310,204
1147,305,322,211
1147,305,322,212
1147,305,322,212
1147,305,322,212
1147,305,322,212
1147,305,322,212
1147,305,322,212
1147,305,322,212
1147,305,322,212
1147,305,322,212
1147,305,322,212
1147,305,322,212
1147,305,322,212
1147,305,322,212
1147,305,322,212
1147,305,322,212
1147,305,322,212
1147,305,322,212
1147,305,322,212
1147,305,322,212
1146,305,323,212
1146,305,323,212
1146,305,323,212
1155,311,311,204
1156,311,310,204
1156,312,310,203
1156,312,310,203
1156,311,310,204
1156,311,310,204
1156,312,309,203
1154,310,310,204
1156,312,309,203
1154,310,310,203
1155,311,310,204
1156,312,310,204
1156,312,309,203
1154,310,310,204
1156,312,309,203
1154,310,310,204
1154,310,310,204
1156,312,309,203
1154,310,310,204
1156,312,309,203
1155,312,310,204
1156,312,310,204
1156,312,309,203
1149,307,320,210
1155,311,310,204
1156,312,310,204
1155,311,310,204
1156,312,310,204
1155,311,310,204
1156,312,310,204
1156,312,310,204
1155,311,310,204
1156,312,310,204
1156,312,310,204
1155,311,310,204
1155,311,310,204
1156,312,310,204
1156,312,310,204
1156,312,310,204
1156,312,310,204
1156,312,310,204
1156,312,310,204
1156,312,310,204
1156,312,310,204
1156,312,310,204
1156,312,310,204
1156,312,310,204
1156,312,310,204
1156,312,310,204
1156,312,310,204
1156,311,310,204
1156,311,310,204
1156,311,311,204
1154,310,311,204
1154,310,311,204
1155,311,311,204
1155,310,312,205
1156,312,310,204
1156,312,310,203
1156,312,310,204
1156,312,310,204
1156,312,310,204
1156,312,310,204
1156,312,310,204
1156,312,310,204
1156,312,310,204
1156,312,310,204
1156,311,310,204
1156,311,311,204
1156,312,310,204
1156,312,311,204
1156,312,311,204
1156,312,310,204
1156,312,311,204
1156,311,310,204
1156,312,310,204
1156,312,310,204
1156,312,310,204
1156,312,310,204
1156,312,310,204
1156,312,310,204
1157,312,310,204
1156,312,310,204
1156,312,310,204
1156,312,310,204
1156,312,310,204
1156,312,310,204
1156,312,310,203
1156,312,310,204
1156,312,310,204
1156,312,310,204
1156,312,310,204
1156,312,310,204
1156,312,310,204
1156,312,310,204
1156,312,310,204
1156,312,310,204
1156,312,310,204
1156,312,310,204
1156,312,310,204
1156,312,310,204
1156,312,310,204
1156,312,310,204
1156,312,310,204
1156,312,310,204
1156,312,310,204
1156,312,310,204
1156,312,310,204
1156,312,310,204
1156,312,310,204
1156,312,310,204
1156,312,310,204
1156,312,310,204
1156,312,310,204
1156,312,310,204
1156,312,310,204
1156,312,310,204
1156,312,310,204
1156,312,310,204
1156,312,310,204
1156,312,310,204
1156,311,310,204
1156,312,310,204
1157,312,310,203
1156,311,310,204
1157,312,310,204
1156,312,310,204
1156,311,310,204
1157,312,310,203
1156,311,310,204
1156,311,310,204
1157,312,310,204
1157,312,310,203
1157,312,310,204
1156,311,310,204
1157,312,310,204
1157,312,310,203
1156,311,310,204
1157,312,310,204
1156,312,310,204
1156,312,310,204
1156,312,310,204
1156,312,310,204
1157,312,310,204
1157,312,310,204
1157,312,310,204
1157,312,310,204
1157,312,310,204
1157,312,310,204
1157,312,310,204
1157,312,310,204
1157,312,310,204
1157,312,310,204
1157,312,310,204
1156,312,310,204
1156,312,310,204
1156,312,310,204
1156,312,311,204
1149,305,324,213
1154,310,311,204
1145,304,326,214
1145,304,325,214
1145,304,326,214
1145,304,326,214
1145,304,326,214
1145,304,326,214
1145,304,325,214
1145,304,326,214
1145,304,326,214
1145,304,326,214
1145,304,326,214
1145,304,326,214
1156,312,310,204
1157,312,310,204
1157,312,310,204
1157,312,310,204
1157,312,310,204
1157,312,310,204
1157,312,310,204
1157,312,310,204
1157,312,310,204
1157,312,310,204
1157,312,310,204
1157,312,311,204
1157,312,310,204
1157,312,311,204
1157,312,311,204
1157,312,311,204
1157,312,311,204
1157,312,311,204
1157,312,311,204
1157,312,310,204
1157,312,311,204
1157,312,311,204
1157,312,311,204
1157,312,311,204
1157,312,311,204
1157,312,311,204
1157,312,311,204
1157,312,311,204
1157,312,311,204
1157,312,311,204
1157,312,311,204
1157,312,311,204
1157,312,311,204
1155,310,310,204
1157,312,310,204
1157,312,310,204
1157,312,310,204
1157,312,310,204
1157,312,310,204
1157,312,311,204
1157,312,310,204
1157,312,310,204
1157,312,310,203
1157,312,310,204
1157,312,310,204
1157,312,310,204
1157,312,310,204
1157,312,310,204
1157,312,310,204
1157,312,310,204
1157,312,310,204
1157,312,310,204
1157,312,310,204
1145,312,310,204
1145,313,307,202
1151,317,297,195
1143,312,309,203
1141,311,311,204
1141,311,311,205
1150,319,294,193
1153,319,293,192
1137,307,312,205
1134,307,316,207
1134,306,317,208
1132,305,320,210
1132,305,320,210
1132,305,320,210
1132,305,320,210
1139,310,311,205
1134,306,317,208
1133,305,320,210
1133,305,320,210
1132,305,321,211
1132,306,318,209
1132,306,319,209
1140,311,309,203
1132,306,319,209
1138,310,312,205
1139,310,313,205
1140,311,310,204
1140,311,310,204
1140,311,310,204
1140,310,310,204
1140,310,310,204
1140,310,310,204
1140,310,310,204
1140,310,310,204
1140,310,310,204
1140,310,310,204
1140,310,310,204
1140,310,310,204
1140,310,310,204
1140,310,310,204
1140,310,310,204
1140,310,310,204
1140,310,310,204
1140,310,310,204
1140,310,310,204
1140,310,310,204
1140,310,310,204
1140,310,310,204
1140,310,310,204
1140,310,310,204
1140,310,310,204
1140,310,310,204
1140,310,311,204
1133,305,320,211
1140,311,310,204
1140,310,311,204
1133,305,320,211
1140,311,310,204
1139,309,313,206
1133,306,319,210
1139,310,312,205
1140,310,310,204
1140,310,312,205
1131,303,324,213
1139,309,312,205
1141,311,310,204
1140,310,310,204
1140,311,311,204
1132,305,321,211
1140,310,312,205
1140,310,311,204
1132,305,321,211
1139,310,312,205
1141,311,310,204
1140,311,311,204
1132,305,321,211
1140,311,311,204
1089,312,307,202
1089,312,307,202
1089,312,307,202
1090,312,307,202
1089,312,307,202
1090,312,307,202
1090,312,307,202
1090,312,307,202
1090,312,307,202
1090,312,307,202
1090,312,307,202
1090,312,307,202
1090,312,307,202
1090,312,307,202
1090,313,307,202
1090,313,307,202
1090,312,308,202
1090,312,308,202
1090,312,307,202
1090,312,307,202
1090,312,307,202
1090,312,307,202
1081,306,321,211
1088,311,307,202
1090,312,307,202
1090,312,308,202
1090,312,308,202
1090,312,308,202
1091,312,308,202
1091,312,308,202
1091,312,308,202
1091,312,308,202
1091,312,308,202
1091,312,307,202
1091,312,308,202
1091,312,308,202
1091,312,307,202
1091,312,308,202
1091,312,308,202
1091,313,308,202
1091,313,308,202
1091,313,308,202
1091,313,307,202
1091,313,308,202
1091,313,308,202
1091,313,308,202
1091,313,308,202
1091,313,308,202
1091,313,308,202
1091,313,307,202
1091,313,308,202
1091,313,307,202
1091,313,308,202
1091,313,307,202
1091,313,307,202
1091,313,308,202
1091,313,307,202
1091,313,308,202
1091,313,308,202
1091,313,308,202
1091,313,307,202
1091,313,307,202
1091,313,307,202
1091,313,307,202
1091,313,308,202
1091,313,307,202
1091,313,307,202
1091,313,307,202
1091,313,308,202
1091,313,307,202
1091,313,307,202
1091,313,308,202
1091,313,307,202
1091,313,307,202
1091,313,308,202
1091,313,307,202
1091,313,308,202
1091,313,307,202
1091,313,307,202
1091,313,307,202
1091,313,307,202
1091,313,307,202
1091,313,307,202
1091,313,308,202
1091,313,308,202
1091,313,308,202
1091,313,307,202
1091,313,308,202
1091,313,307,202
1091,313,308,202
1091,313,308,202
1091,313,307,202
1091,313,307,202
1091,313,307,202
1091,313,308,202
1091,313,308,202
1091,313,308,202
1091,313,308,202
1091,313,308,202
1091,313,308,202
1091,313,307,202
1091,313,308,202
1091,313,308,202
1091,313,308,202
1091,313,307,202
1091,313,308,202
1091,313,308,202
1091,313,308,202
1091,313,308,202
1091,313,308,202
1091,313,308,202
1091,313,308,202
1091,313,308,202
1091,313,308,202
1091,313,307,202
1091,313,308,202
1091,313,308,202
1091,313,308,202
1091,313,308,202
1091,313,308,202
1091,313,307,202
1091,313,308,202
1091,313,308,202
1091,313,308,202
1091,313,308,202
1091,313,308,202
1091,313,308,202
1091,313,307,202
1091,313,308,202
1091,313,307,202
1091,313,307,202
1091,313,308,202
1091,313,308,202
1091,313,308,202
1091,313,308,202
1091,313,308,202
1091,313,308,202
1091,313,308,202
1091,313,308,202
1091,313,308,202
1091,313,308,202
1091,313,308,202
1091,314,308,202
1091,313,308,202
1091,313,308,202
1091,313,308,202
1091,313,308,202
1091,313,308,202
1091,313,308,202
1091,313,308,202
1091,313,308,202
1091,313,308,202
1091,313,308,202
1091,313,308,202
1091,313,308,202
1091,313,308,202
1091,313,308,202
1091,313,308,202
1091,313,308,202
1091,313,308,202
1091,313,308,202
1091,313,308,202
1091,313,308,202
1091,313,308,202
1091,313,308,203
1091,313,308,202
1091,313,308,202
1091,313,308,202
1091,313,308,203
1091,313,308,203
1091,313,308,203
1091,313,308,203
1091,313,308,203
1091,313,308,203
1091,313,308,203
1091,313,308,203
1091,313,308,203
1091,313,308,203
1091,313,308,203
1091,313,308,203
1091,313,308,203
1091,313,308,203
1048,311,311,204
1047,310,317,208
1042,306,321,211
1049,311,314,207
1050,312,308,202
1057,318,296,195
1059,319,293,192
1046,313,306,201
1045,314,306,201
1044,312,305,200
1045,314,306,201
1046,314,305,201
1045,314,305,200
1050,318,296,194
1051,319,292,192
1045,314,303,199
1045,315,304,200
1042,313,305,201
1045,314,304,200
1045,314,304,200
1043,313,305,201
1045,314,304,200
1042,313,306,201
1043,313,305,201
1043,313,305,201
1045,315,304,200
1043,313,305,201
1045,314,305,200
1043,313,305,201
1045,314,305,200
1043,313,305,201
1043,313,305,201
1043,313,305,201
1045,314,305,200
1043,313,305,201
1045,314,305,200
1043,313,305,201
1045,314,305,200
1045,314,305,200
1044,312,305,201
1046,314,305,200
1045,314,306,201
1045,314,306,201
1046,314,305,200
1046,314,305,200
1045,314,305,200
1044,312,306,201
1045,314,305,200
1046,314,305,201
1046,314,306,201
1046,314,305,200
1046,314,306,201
1046,314,305,200
1046,314,305,201
1046,314,305,200
1046,314,306,201
1046,314,305,200
1046,314,306,201
1046,314,306,201
1047,314,305,201
1047,314,305,200
1047,314,305,200
1044,312,306,201
1046,314,305,200
1047,314,305,201
1044,312,306,201
1046,314,305,200
1047,314,305,201
1047,314,305,200
1046,314,306,201
1047,314,305,201
1047,314,305,200
1047,314,305,201
1047,314,305,200
1044,312,306,201
1046,314,305,201
1047,314,305,200
1047,314,305,201
1047,314,305,201
1047,314,305,200
1047,314,305,201
1047,314,305,200
1046,314,306,201
1047,314,305,201
1047,314,305,200
1046,314,306,201
1046,314,306,201
1046,314,306,201
1047,314,305,201
1047,314,305,200
1046,314,306,201
1047,314,305,201
1047,314,305,200
1046,314,306,201
1046,314,306,201
1047,314,305,201
1047,314,305,200
1046,314,306,201
1047,314,305,201
1046,314,306,201
1046,314,306,201
1047,314,305,201
1046,314,306,201
1047,314,306,201
1046,314,306,201
1047,314,306,201
1047,314,305,201
1047,314,305,200
1045,312,306,201
1046,314,305,201
1046,314,305,201
1046,314,306,201
1046,314,305,201
1046,314,305,201
1047,314,305,200
1046,314,305,200
1046,314,306,201
1046,314,305,201
1046,314,305,200
1039,313,308,202
1029,307,320,210
1027,305,323,212
1030,307,318,209
1025,304,324,213
1030,307,319,209
1035,311,311,205
1030,307,319,210
1026,304,323,213
1034,310,312,205
1037,312,310,203
1037,312,310,204
1033,313,306,201
1031,312,305,200
1030,312,305,201
1032,314,305,200
1032,314,305,201
1030,312,305,201
1031,312,305,201
1033,314,305,200
1032,314,305,201
1032,312,305,200
1032,312,305,200
1033,314,305,200
1032,314,305,201
1033,314,305,200
1032,312,305,200
1033,314,305,200
1032,313,305,201
1033,314,305,200
1032,312,305,200
1031,312,305,201
1033,313,305,200
1031,312,305,200
1033,313,305,201
1034,314,304,200
1032,312,305,200
1032,312,305,200
1034,314,304,200
1032,312,305,200
1032,312,305,200
1034,314,304,200
1032,312,305,200
1032,312,305,200
1032,312,305,200
1033,313,305,201
1034,314,304,200
1032,312,305,200
1032,312,305,200
1032,312,305,200
1032,312,305,200
1033,314,305,200
1033,313,305,201
1032,312,305,200
1033,313,305,200
1033,313,305,201
1032,312,305,200
1032,312,305,200
1032,312,305,200
1034,314,304,200
1032,312,305,200
1033,313,305,201
1034,314,304,200
1032,312,305,200
1033,313,305,200
1034,314,305,200
1033,313,305,201
1032,312,305,200
1032,312,305,200
1032,312,305,200
1032,312,305,200
1033,313,305,201
1032,312,305,200
1033,313,305,201
1032,312,305,200
1034,314,304,200
1032,312,305,200
1034,314,304,200
1032,312,305,200
1032,312,305,200
1034,314,304,200
1032,312,305,200
1033,313,305,200
1034,314,305,201
1032,312,305,200
1032,312,305,200
1033,313,305,200
1032,312,305,200
1034,313,305,201
1032,312,305,200
1032,312,305,200
1034,314,305,200
1032,312,305,200
1032,312,305,200
1033,313,305,200
1034,313,305,201
1032,312,305,200
1034,314,304,200
1032,312,305,200
1032,312,305,200
1032,312,305,200
1033,313,305,201
1032,312,305,200
1032,312,305,200
1033,313,305,201
1034,314,304,200
1032,312,305,200
1033,313,305,201
1032,312,305,200
1032,312,305,200
1032,312,305,200
1034,314,304,200
1032,312,305,200
1032,312,305,200
1034,313,305,201
1034,314,305,200
1032,312,305,200
1033,313,305,201
1034,314,304,200
1032,312,305,200
1032,312,305,200
1033,313,305,201
1034,314,304,200
1032,312,305,200
1032,312,305,200
1032,312,305,200
1033,313,305,200
1034,313,305,201
1034,314,305,200
1032,312,305,200
1032,312,305,200
1032,312,305,200
1034,314,304,200
1032,312,305,200
1032,312,305,200
1033,313,305,201
1032,312,305,200
1033,313,305,201
1032,312,305,200
1033,313,305,201
1033,313,305,200
1034,314,304,200
1032,312,305,200
1032,312,305,200
1034,314,305,200
1033,313,305,201
1032,312,305,200
977,314,306,201
976,312,306,201
977,314,306,201
977,314,306,201
976,312,306,201
977,314,306,201
976,312,306,201
976,312,306,201
975,311,307,202
977,314,307,202
976,313,308,202
977,313,308,202
975,317,298,196
973,316,302,199
967,311,310,204
968,312,309,203
967,311,311,205
967,310,312,205
974,316,301,198
967,311,310,204
968,312,313,205
969,312,308,203
969,312,311,204
974,316,301,198
968,312,313,205
967,311,311,204
968,312,313,205
969,312,309,203
968,312,312,205
973,315,302,199
969,312,309,203
967,311,311,204
969,312,312,205
969,312,309,203
966,310,313,205
968,310,312,205
969,312,312,205
969,312,312,205
967,310,312,205
967,310,312,205
969,312,312,205
967,310,313,206
968,312,312,205
968,311,311,204
966,310,314,206
966,309,313,206
968,312,313,205
974,316,302,198
968,311,311,204
966,310,313,206
974,316,302,198
968,311,311,204
966,310,313,206
968,311,311,204
968,311,311,204
968,312,313,206
974,316,302,198
967,310,313,206
968,311,311,204
967,311,312,205
968,312,313,206
974,316,302,198
968,311,311,205
968,312,313,206
968,312,313,205
974,316,302,198
968,311,311,205
974,316,302,198
968,311,311,205
967,311,312,205
968,312,313,206
968,311,311,205
968,311,311,205
967,310,313,205
968,311,311,205
967,310,313,205
967,310,313,206
967,310,313,206
974,316,302,198
967,310,313,206
974,316,302,199
968,311,312,205
967,310,313,206
969,312,313,206
968,311,312,205
969,312,313,206
974,316,302,198
968,311,312,205
969,312,313,206
974,316,302,198
969,312,313,206
968,311,312,205
975,316,302,198
969,312,313,206
968,311,312,205
974,316,302,198
968,311,312,205
969,312,313,206
967,310,313,206
967,310,313,206
967,310,313,206
967,310,313,206
967,310,313,206
967,310,313,206
967,310,313,206
967,310,313,206
967,310,313,206
967,310,313,206
967,310,313,206
967,310,313,206
967,310,313,206
967,310,313,206
967,310,313,206
967,310,313,206
967,310,313,206
967,310,313,206
967,310,313,206
967,310,313,206
967,310,313,206
967,310,313,206
967,310,313,206
967,310,313,206
967,310,313,206
967,310,313,206
967,310,313,206
967,310,313,206
967,310,313,206
967,310,313,206
967,310,313,206
967,310,313,206
967,310,313,206
967,310,313,206
967,310,313,206
967,310,313,206
967,310,313,206
967,310,313,206
967,310,313,206
967,310,313,206
967,310,313,206
967,310,313,206
967,310,313,206
967,310,314,206
967,310,314,206
967,310,314,206
967,310,314,206
967,310,314,206
967,310,314,206
967,310,314,206
967,310,314,206
967,310,314,206
967,310,314,206
967,310,314,206
967,310,314,206
967,310,314,206
967,310,314,206
967,310,314,206
967,310,314,206
1294,312,307,202
1294,311,308,203
1295,312,306,201
1286,305,319,210
1289,308,316,208
1285,305,325,214
1278,300,331,218
1285,305,323,212
1284,303,323,212
