695,306,267,130
684,312,287,137
686,313,285,136
688,314,284,135
686,313,286,136
686,313,285,136
682,314,290,138
685,314,286,136
685,314,286,136
683,314,289,137
683,315,290,138
681,314,293,139
684,315,293,139
681,314,297,141
682,315,296,141
683,315,295,140
683,314,295,140
678,315,321,148
677,315,322,148
677,314,311,143
713,379,310,142
692,282,306,153
692,282,306,153
693,283,304,152
693,283,303,152
702,284,298,149
746,356,279,156
694,324,286,121
693,323,286,121
693,324,286,121
694,323,286,121
704,325,280,118
700,320,289,122
694,322,290,122
699,322,288,121
698,323,290,122
702,322,287,121
702,322,288,121
702,322,288,122
701,323,288,121
702,322,288,121
702,322,287,121
702,323,288,122
700,320,291,123
701,320,292,123
704,323,289,122
700,320,292,123
694,323,285,120
696,323,283,119
695,323,283,119
693,322,286,121
695,323,285,120
695,323,286,121
699,323,289,122
697,320,294,124
699,322,292,123
698,323,293,123
698,323,293,124
699,323,291,123
697,322,292,123
697,321,293,124
697,321,292,123
697,322,292,123
699,323,292,123
698,322,292,123
698,323,292,123
698,322,292,123
698,322,292,123
698,322,292,123
698,322,292,123
698,322,292,123
698,322,292,123
699,323,291,123
698,321,292,123
713,324,304,129
697,323,294,124
700,323,291,123
703,324,290,122
702,324,290,122
703,324,289,122
701,322,292,123
702,323,290,122
694,322,290,122
687,319,298,126
684,318,303,128
697,325,288,122
697,325,289,122
690,322,293,124
687,321,294,124
687,321,296,125
686,321,296,125
688,322,294,124
686,321,296,125
689,322,294,124
686,321,297,125
687,322,297,125
687,322,297,125
686,322,297,126
685,321,297,125
687,322,297,125
685,321,298,126
688,322,298,126
702,325,283,119
701,325,285,120
702,325,283,120
703,326,284,120
701,325,283,120
704,326,283,119
701,325,285,120
701,325,284,120
703,326,283,120
703,326,283,120
702,325,283,119
702,325,283,119
702,325,283,119
702,325,283,119
702,325,283,119
703,326,283,120
702,325,283,119
702,325,283,119
719,328,291,123
703,322,288,121
704,322,291,123
699,321,295,124
695,325,296,125
700,327,288,122
703,328,284,120
703,330,279,118
699,329,284,120
703,328,282,119
702,329,281,119
702,323,290,122
700,323,294,124
703,324,293,124
702,322,293,124
708,328,283,120
712,330,280,118
711,331,278,117
719,325,284,120
717,323,286,121
718,330,280,118
718,330,281,119
717,324,280,118
717,324,280,118
718,324,280,118
717,324,278,117
713,309,296,140
710,322,295,128
713,323,291,126
712,323,292,126
714,323,290,126
710,322,300,130
712,323,293,127
714,322,291,126
716,323,292,126
728,322,276,119
726,321,278,121
728,324,277,120
728,322,276,120
728,321,277,120
730,321,275,119
729,323,276,120
727,321,277,120
728,324,277,120
730,322,276,120
727,321,277,120
728,322,279,121
729,322,277,120
730,323,277,120
728,321,276,120
729,321,276,120
729,321,277,120
729,306,273,118
726,310,267,116
724,320,264,114
720,311,290,137
722,320,292,129
706,323,289,118
709,315,285,127
720,327,272,114
717,325,276,116
714,322,279,122
715,322,280,122
712,321,283,123
729,327,266,115
727,327,265,115
728,328,266,115
728,327,266,116
728,326,266,115
728,326,266,115
727,326,266,115
728,326,266,115
726,324,269,117
723,325,269,117
725,326,270,117
715,327,264,114
708,326,267,116
711,327,265,115
712,328,262,114
698,321,277,120
673,324,279,121
688,320,283,123
667,322,281,122
664,322,280,122
665,319,282,122
661,319,285,124
607,319,284,123
596,323,279,121
602,318,279,121
609,318,285,124
601,318,288,125
598,319,283,123
593,321,283,123
588,318,290,126
600,322,277,120
593,319,274,119
578,316,281,122
567,318,277,120
562,315,283,123
552,317,282,122
550,317,280,122
545,317,282,122
554,317,284,123
556,317,281,122
553,317,284,123
553,318,280,121
556,317,282,122
570,316,288,125
572,318,284,123
568,320,282,122
588,320,280,122
593,321,279,121
592,318,281,122
588,318,280,121
578,320,278,121
548,315,287,125
550,312,292,126
546,315,286,124
548,317,284,123
557,315,290,126
551,318,283,123
552,313,294,127
556,317,286,124
554,320,275,119
563,316,289,125
556,316,290,126
546,315,289,125
548,316,284,123
552,315,292,127
552,315,293,127
551,315,293,127
552,315,293,127
551,315,295,128
550,314,293,127
549,314,294,127
551,313,294,127
550,313,293,127
551,313,294,127
551,315,293,127
550,314,294,127
550,312,301,131
547,313,306,133
551,317,296,129
570,319,291,126
569,324,278,120
565,323,284,123
566,323,287,124
565,322,286,124
567,324,286,124
562,321,286,124
560,316,282,122
565,317,285,124
538,318,289,125
545,320,286,124
567,317,284,123
563,317,287,125
557,320,288,125
574,320,286,124
585,322,283,123
583,315,282,122
592,320,287,124
594,316,290,126
588,315,293,127
597,320,290,126
594,320,288,125
596,317,292,127
617,321,285,124
612,322,283,123
612,324,281,122
615,326,280,121
618,321,278,121
621,319,282,122
615,322,283,123
637,319,274,119
676,326,274,119
661,323,281,122
640,324,292,127
668,324,283,123
668,323,282,122
671,322,282,122
639,321,285,123
657,321,287,124
645,324,281,122
643,325,281,122
643,325,280,121
648,333,281,122
640,328,290,126
644,325,299,130
648,330,293,127
647,327,292,127
651,329,289,125
648,329,292,127
655,330,287,124
665,325,301,130
635,322,306,133
630,321,310,135
610,322,311,135
625,322,314,136
630,317,322,140
618,317,316,137
619,317,317,137
627,315,316,137
628,316,314,136
623,314,314,136
633,318,309,134
619,317,314,136
602,315,311,135
608,319,301,130
548,332,288,125
556,321,289,125
557,322,292,127
556,321,287,125
552,320,293,127
552,320,293,127
553,320,292,127
551,321,295,128
549,321,291,126
550,321,290,126
544,317,291,126
543,318,293,127
540,312,305,132
547,316,300,130
560,312,302,131
562,317,289,125
569,315,291,126
549,319,293,127
566,323,288,125
555,321,287,124
554,322,288,125
551,321,289,125
558,313,305,132
557,316,304,132
568,321,299,130
548,326,294,128
536,324,293,127
580,317,302,131
611,312,312,135
619,316,313,136
620,316,313,136
674,316,315,137
687,315,314,136
705,315,318,138
714,318,312,135
762,317,311,135
771,317,313,136
786,318,308,134
813,316,311,135
842,318,308,134
869,318,306,133
892,318,304,132
917,318,306,133
922,318,305,132
925,318,301,131
928,321,296,129
936,319,302,131
943,312,313,136
946,314,313,136
940,316,316,137
943,315,313,136
941,316,314,136
944,315,308,134
946,315,308,134
943,314,310,134
944,315,313,136
942,316,313,136
942,316,312,135
945,315,308,134
943,315,312,135
943,315,309,134
948,316,306,133
946,315,311,135
952,318,298,129
950,317,296,128
949,316,297,129
956,319,294,127
962,319,291,126
956,318,294,127
954,317,295,128
958,317,294,128
954,318,296,128
953,317,296,128
963,318,299,130
965,319,295,128
956,318,298,129
957,318,300,130
977,321,294,127
978,321,291,126
981,324,288,125
982,324,288,125
979,324,290,126
979,322,287,124
979,323,288,125
980,324,288,125
982,324,288,125
963,322,291,126
959,318,294,128
954,316,298,129
965,323,286,124
961,326,278,121
946,326,280,121
940,326,281,122
932,322,288,125
914,319,296,129
918,319,297,129
922,318,302,131
937,320,295,128
920,318,302,131
922,317,303,131
916,318,303,131
925,317,302,131
933,317,304,132
941,316,306,133
943,320,295,128
949,321,295,128
949,321,290,126
945,316,306,133
944,312,317,138
938,312,319,138
942,312,315,136
947,318,306,132
950,320,299,129
961,316,301,131
954,312,312,136
954,312,313,136
953,314,312,136
952,316,307,133
952,320,297,129
950,319,297,129
955,322,291,126
956,316,302,131
958,315,304,132
961,316,306,133
964,321,299,130
971,325,290,126
970,324,289,125
972,325,284,123
970,325,289,125
970,324,289,125
969,324,289,125
971,325,285,124
972,325,284,123
970,325,289,126
970,325,289,125
970,323,285,124
954,319,293,127
948,316,306,133
946,316,309,134
941,313,312,135
942,313,311,135
940,313,320,139
938,312,314,136
941,312,315,137
938,312,314,136
940,313,314,136
939,313,315,136
938,312,315,137
939,313,314,136
938,312,315,137
939,313,315,136
939,313,314,136
938,313,315,137
939,313,315,136
938,313,315,137
934,312,327,142
932,310,332,144
934,311,328,142
936,311,319,138
937,312,325,141
938,313,321,139
940,313,314,136
936,312,326,141
935,311,327,142
933,314,321,139
934,313,321,139
946,315,310,134
950,315,306,133
948,315,305,132
969,320,303,131
966,322,306,133
963,321,309,134
964,321,306,133
964,321,306,133
969,321,302,131
961,319,304,132
958,321,299,130
961,322,298,129
959,321,297,129
962,322,291,126
962,322,291,126
968,314,312,135
966,312,322,140
966,312,323,140
966,312,323,140
964,310,327,142
965,311,324,141
969,313,323,140
968,313,324,140
966,310,324,140
959,310,328,142
945,316,311,135
937,318,306,133
914,314,313,136
893,316,312,135
894,320,301,131
891,318,305,132
884,319,303,132
864,314,311,135
839,313,322,140
832,314,320,139
822,314,318,138
821,317,314,136
803,316,316,137
816,317,312,135
800,316,309,134
798,318,310,134
792,317,306,133
785,318,308,133
783,317,309,134
784,316,309,134
789,316,313,136
785,316,312,135
801,315,311,135
779,315,313,136
777,313,316,137
775,316,313,136
778,317,310,135
778,316,310,134
778,317,310,134
783,316,310,135
777,310,317,137
766,315,312,135
759,311,316,137
731,316,305,132
730,316,306,132
731,318,302,131
729,320,303,131
734,318,306,133
741,318,302,131
746,314,300,130
749,314,298,129
749,315,297,129
703,319,302,131
698,318,301,131
699,318,302,131
701,319,303,132
694,316,307,133
694,316,308,133
697,317,306,133
701,317,303,131
700,317,305,132
697,315,309,134
699,316,308,133
695,312,314,136
697,309,319,138
682,317,313,136
685,318,309,134
684,317,306,133
684,316,310,134
681,315,311,135
683,316,308,134
685,317,308,134
684,317,309,134
680,315,310,135
701,322,290,126
704,323,287,124
693,323,285,124
686,317,294,127
706,332,275,119
689,332,278,121
703,317,292,127
692,316,307,133
691,315,307,133
690,315,308,134
692,315,307,133
692,316,309,134
702,319,307,133
710,319,302,131
705,319,295,128
701,317,300,130
695,318,303,132
703,322,295,128
701,318,299,130
685,314,306,133
678,312,308,133
680,312,309,134
688,309,304,132
678,317,300,130
675,319,296,128
671,315,300,130
656,318,299,129
657,320,293,127
651,312,303,131
671,315,301,130
673,316,298,129
674,317,300,130
669,317,298,129
672,317,297,129
670,317,298,129
671,321,294,127
669,323,291,126
678,324,297,129
677,323,304,132
673,322,310,134
674,322,309,134
672,323,309,134
672,323,310,134
672,322,310,135
675,321,290,126
661,320,288,125
650,323,286,124
639,323,281,122
629,323,281,122
616,318,288,125
614,325,284,123
659,319,290,126
652,319,291,126
647,319,293,127
653,325,293,127
656,317,294,127
678,320,292,127
687,324,289,125
686,323,283,123
693,325,279,121
683,320,289,125
689,323,287,124
683,321,292,127
684,320,292,127
668,320,291,126
663,319,295,128
670,322,291,126
662,317,297,129
663,320,294,127
674,321,291,126
699,324,283,123
698,324,284,123
694,321,288,125
695,320,288,125
695,320,293,127
713,320,295,128
719,323,286,124
717,319,297,129
714,319,303,132
714,319,303,131
726,325,293,127
727,325,292,126
727,324,288,125
713,315,303,131
715,316,302,131
712,315,304,132
713,315,304,132
714,319,305,132
715,320,305,132
718,320,298,129
718,321,291,126
716,320,291,126
716,320,291,126
717,321,290,126
717,321,291,126
716,320,291,126
717,320,291,126
718,320,291,126
717,321,291,126
718,321,290,126
721,322,284,123
717,317,296,128
715,316,300,130
717,316,297,129
726,313,286,124
727,314,287,124
726,313,287,124
727,315,286,124
730,315,282,122
732,316,280,121
736,316,272,118
738,316,272,118
739,316,272,118
738,315,273,118
737,315,272,118
738,315,273,118
736,315,272,118
739,316,272,118
735,318,280,122
733,316,285,124
719,313,300,130
719,313,300,130
718,313,302,131
719,313,299,130
719,314,299,130
720,314,299,130
717,313,304,132
720,314,299,130
719,314,299,130
716,320,295,128
717,320,293,127
718,321,293,127
717,321,293,127
715,320,292,126
708,318,296,128
722,318,296,129
726,320,293,127
731,311,302,131
728,312,303,131
714,317,296,128
724,312,292,127
762,316,271,117
735,327,263,114
736,326,263,114
726,319,267,116
732,322,263,114
737,316,262,114
730,319,264,114
727,318,267,116
731,320,267,116
732,319,266,115
729,317,265,115
728,318,266,115
740,305,279,121
760,315,274,119
733,318,272,118
743,322,262,113
748,321,258,112
741,322,258,112
742,314,258,112
741,314,259,112
699,323,260,113
698,320,256,111
685,299,261,113
692,309,260,113
692,305,250,108
696,305,245,106
694,303,251,109
695,304,252,109
694,308,252,109
693,311,252,109
694,312,250,108
692,312,247,107
696,307,241,104
697,307,237,103
696,308,239,104
698,322,238,103
700,323,243,105
696,321,239,104
708,326,240,104
693,326,250,109
688,327,256,111
689,325,259,112
674,328,268,116
678,322,283,123
679,320,286,124
682,324,287,124
679,322,287,124
679,324,287,125
683,323,287,125
688,323,287,124
696,322,284,123
699,318,290,126
700,318,288,125
678,317,292,127
676,317,295,128
677,317,294,128
674,315,294,128
675,316,294,127
675,316,294,128
682,320,285,124
680,319,279,121
678,320,277,120
684,320,279,121
706,322,275,119
665,324,275,119
666,324,273,118
664,323,274,119
662,323,274,119
664,324,272,118
663,324,271,118
661,323,272,118
694,326,269,116
693,319,269,116
715,317,275,119
724,318,277,120
743,318,271,118
727,320,269,117
724,320,269,117
721,327,250,108
723,328,250,108
725,328,248,107
698,338,246,107
739,333,240,104
769,332,231,100
782,332,231,100
785,332,237,103
776,334,250,108
774,332,249,108
773,333,249,108
775,334,250,108
780,329,248,108
794,330,252,109
793,330,251,109
793,330,248,108
791,331,247,107
814,328,244,106
780,330,260,113
778,328,259,112
745,326,264,115
746,328,265,115
746,327,265,115
759,324,258,112
731,328,257,112
724,329,255,111
721,326,256,111
721,327,252,109
702,324,256,111
724,330,252,109
721,331,251,109
693,325,250,108
688,325,253,110
679,324,253,109
658,324,255,110
654,322,257,111
655,322,260,113
664,325,256,111
660,319,258,112
688,327,253,109
703,326,251,109
690,324,253,110
688,324,254,110
679,329,251,109
673,322,253,110
679,324,254,110
669,323,252,109
663,328,256,111
668,327,253,110
653,327,251,109
646,322,257,111
642,322,258,112
670,323,257,111
685,322,260,113
700,327,254,110
677,331,248,107
686,331,243,105
684,333,244,106
679,329,245,106
668,325,248,107
648,329,253,110
664,325,254,110
647,324,253,110
636,325,253,110
637,328,253,110
649,328,254,110
614,325,252,109
599,326,252,109
605,325,253,110
604,323,254,110
599,323,255,110
615,325,252,109
626,326,253,110
632,321,265,115
643,324,262,114
640,323,262,114
635,321,264,114
638,322,262,113
631,321,265,115
629,324,261,113
631,326,257,111
628,330,246,107
621,329,246,106
593,330,239,104
597,329,240,104
594,331,241,104
571,329,243,105
556,333,244,106
552,333,243,105
555,330,245,106
551,329,250,108
553,330,252,109
553,330,254,110
554,329,253,110
553,328,253,110
549,328,253,110
551,328,253,110
555,331,249,108
549,330,251,109
572,326,258,112
573,326,257,111
557,307,282,130
564,279,269,163
546,275,287,174
546,277,293,177
546,277,293,178
547,277,294,178
510,273,292,177
564,277,273,165
520,277,275,167
566,279,271,164
566,278,270,163
551,276,280,169
528,306,276,134
528,307,277,134
529,307,277,134
532,307,278,135
531,310,273,132
553,306,259,125
535,309,257,125
520,312,261,126
527,311,254,123
528,308,263,127
506,306,271,132
510,305,278,135
533,305,259,125
509,309,268,130
510,303,263,127
514,305,258,125
520,303,255,123
505,303,260,126
472,312,260,126
483,310,262,127
493,310,262,127
493,309,261,127
485,309,263,127
469,307,268,130
484,309,265,128
467,305,266,129
476,304,261,126
457,308,262,127
469,306,257,124
462,310,257,124
458,306,256,124
450,307,260,126
440,303,264,128
466,305,254,123
470,306,255,123
472,306,256,124
466,306,268,130
470,307,264,128
465,307,269,130
467,307,270,131
467,306,269,131
470,307,264,128
467,305,270,131
467,306,263,128
455,304,267,129
455,305,268,130
460,309,266,129
482,310,267,129
494,301,262,127
469,305,265,129
470,282,275,133
484,282,269,130
480,282,258,125
471,311,254,123
473,314,253,123
470,313,252,122
465,313,254,123
457,310,259,126
455,308,260,126
460,309,263,127
457,297,254,123
458,302,256,124
459,301,256,124
461,303,257,124
460,303,257,125
458,301,256,124
460,301,255,124
461,301,253,123
460,302,259,125
460,302,255,123
459,303,259,126
460,302,255,123
461,302,254,123
460,302,259,125
462,303,254,123
461,302,253,123
460,302,254,123
461,302,254,123
460,302,253,123
461,302,253,123
461,303,253,123
460,303,254,123
469,300,249,120
467,302,254,123
456,301,257,124
462,306,268,130
470,302,271,131
473,301,271,131
472,300,270,131
470,298,271,131
503,303,257,125
501,303,256,124
493,303,253,123
494,302,255,124
486,287,291,144
484,286,292,144
465,287,293,145
467,308,258,128
475,311,249,123
480,311,244,121
474,310,250,123
477,311,255,126
478,310,251,124
482,311,245,121
481,311,247,122
471,310,248,123
469,309,254,126
470,303,257,127
468,309,259,128
470,309,256,126
471,309,256,126
457,303,275,136
460,302,277,137
456,301,281,139
457,302,287,142
455,301,284,140
456,302,285,141
458,301,285,141
457,302,284,141
472,298,271,134
461,296,273,135
466,298,265,131
454,298,282,139
456,299,283,140
458,300,283,140
454,297,283,140
454,298,283,140
454,298,283,140
454,298,283,140
454,298,283,140
437,297,282,139
414,299,286,141
414,299,287,142
417,298,287,142
420,298,283,140
417,298,284,140
414,298,289,143
410,297,286,142
394,295,284,140
